0.0004285714  0.0002857143  0.0000000000  1.0
0.7147142857  0.1431428571  0.0000000000  1.0
0.4290000000  0.2860000000  0.0000000000  1.0
0.1432857143  0.4288571429  0.0000000000  1.0
0.8575714286  0.5717142857  0.0000000000  1.0
0.5718571429  0.7145714286  0.0000000000  1.0
0.2861428571  0.8574285714  0.0000000000  1.0
0.9051904762  0.0479047619  0.0000000000  1.0
0.6194761905  0.1907619048  0.0000000000  1.0
0.3337619048  0.3336190476  0.0000000000  1.0
0.0480476191  0.4764761905  0.0000000000  1.0
0.7623333333  0.6193333333  0.0000000000  1.0
0.4766190476  0.7621904762  0.0000000000  1.0
0.1909047619  0.9050476190  0.0000000000  1.0
0.8099523809  0.0955238095  0.0000000000  1.0
0.5242380952  0.2383809524  0.0000000000  1.0
0.2385238095  0.3812380952  0.0000000000  1.0
0.9528095238  0.5240952381  0.0000000000  1.0
0.6670952381  0.6669523810  0.0000000000  1.0
0.3813809524  0.8098095238  0.0000000000  1.0
0.0956666667  0.9526666667  0.0000000000  1.0
0.1432857143  0.0955238095  0.0000000000  1.0
0.8575714286  0.2383809524  0.0000000000  1.0
0.5718571428  0.3812380952  0.0000000000  1.0
0.2861428571  0.5240952381  0.0000000000  1.0
0.0004285714  0.6669523809  0.0000000000  1.0
0.7147142857  0.8098095238  0.0000000000  1.0
0.4290000000  0.9526666667  0.0000000000  1.0
0.3337619048  0.0002857143  0.0000000000  1.0
0.0480476190  0.1431428571  0.0000000000  1.0
0.7623333333  0.2860000000  0.0000000000  1.0
0.4766190476  0.4288571428  0.0000000000  1.0
0.1909047619  0.5717142857  0.0000000000  1.0
0.9051904762  0.7145714286  0.0000000000  1.0
0.6194761905  0.8574285714  0.0000000000  1.0
0.2385238095  0.0479047619  0.0000000000  1.0
0.9528095238  0.1907619048  0.0000000000  1.0
0.6670952381  0.3336190476  0.0000000000  1.0
0.3813809524  0.4764761905  0.0000000000  1.0
0.0956666666  0.6193333333  0.0000000000  1.0
0.8099523809  0.7621904762  0.0000000000  1.0
0.5242380952  0.9050476190  0.0000000000  1.0
0.5718571429  0.0479047619  0.0000000000  1.0
0.2861428572  0.1907619048  0.0000000000  1.0
0.0004285714  0.3336190476  0.0000000000  1.0
0.7147142857  0.4764761905  0.0000000000  1.0
0.4290000000  0.6193333333  0.0000000000  1.0
0.1432857143  0.7621904762  0.0000000000  1.0
0.8575714286  0.9050476191  0.0000000000  1.0
0.4766190476  0.0955238095  0.0000000000  1.0
0.1909047619  0.2383809524  0.0000000000  1.0
0.9051904762  0.3812380952  0.0000000000  1.0
0.6194761905  0.5240952381  0.0000000000  1.0
0.3337619048  0.6669523810  0.0000000000  1.0
0.0480476191  0.8098095238  0.0000000000  1.0
0.7623333334  0.9526666667  0.0000000000  1.0
0.6670952381  0.0002857143  0.0000000000  1.0
0.3813809524  0.1431428572  0.0000000000  1.0
0.0956666667  0.2860000000  0.0000000000  1.0
0.8099523810  0.4288571429  0.0000000000  1.0
0.5242380952  0.5717142857  0.0000000000  1.0
0.2385238095  0.7145714286  0.0000000000  1.0
0.9528095238  0.8574285714  0.0000000000  1.0
