  0.33333333  0.00000000  0.00000000       0      0      0       0.10375213E+04
  0.33333333  0.00000000  0.00000000       0      0     -1       0.62520774E+03
  0.33333333  0.00000000  0.00000000       0      0      1       0.62520774E+03
  0.33333333  0.00000000  0.00000000      -1      0      0       0.26627699E+03
  0.33333333  0.00000000  0.00000000       0      0     -2       0.25934376E+03
  0.33333333  0.00000000  0.00000000       0      0      2       0.25934376E+03
  0.33333333  0.00000000  0.00000000      -1      0     -1       0.22454387E+03
  0.33333333  0.00000000  0.00000000      -1      0      1       0.22454387E+03
  0.33333333  0.00000000  0.00000000      -1     -1      0       0.15225558E+03
  0.33333333  0.00000000  0.00000000       0      1      0       0.15225558E+03
  0.33333333  0.00000000  0.00000000      -1      0     -2       0.15214602E+03
  0.33333333  0.00000000  0.00000000      -1      0      2       0.15214602E+03
  0.33333333  0.00000000  0.00000000      -1     -1     -1       0.13753736E+03
  0.33333333  0.00000000  0.00000000      -1     -1      1       0.13753736E+03
  0.33333333  0.00000000  0.00000000       0      1     -1       0.13753736E+03
  0.33333333  0.00000000  0.00000000       0      1      1       0.13753736E+03
  0.33333333  0.00000000  0.00000000       0      0     -3       0.14116420E+03
  0.33333333  0.00000000  0.00000000       0      0      3       0.14116420E+03
  0.33333333  0.00000000  0.00000000      -1     -1     -2       0.10657290E+03
  0.33333333  0.00000000  0.00000000      -1     -1      2       0.10657290E+03
  0.33333333  0.00000000  0.00000000       0      1     -2       0.10657290E+03
  0.33333333  0.00000000  0.00000000       0      1      2       0.10657290E+03
  0.33333333  0.00000000  0.00000000      -1      0     -3       0.99208293E+02
  0.33333333  0.00000000  0.00000000      -1      0      3       0.99208293E+02
  0.33333333  0.00000000  0.00000000       0     -1      0       0.81989175E+02
  0.33333333  0.00000000  0.00000000       1      1      0       0.81989175E+02
  0.33333333  0.00000000  0.00000000       0      0     -4       0.79795484E+02
  0.33333333  0.00000000  0.00000000       0      0      4       0.79795484E+02
  0.33333333  0.00000000  0.00000000       0     -1     -1       0.77516568E+02
  0.33333333  0.00000000  0.00000000       0     -1      1       0.77516568E+02
  0.33333333  0.00000000  0.00000000       1      1     -1       0.77516568E+02
  0.33333333  0.00000000  0.00000000       1      1      1       0.77516568E+02
  0.33333333  0.00000000  0.00000000      -1     -1     -3       0.77515313E+02
  0.33333333  0.00000000  0.00000000      -1     -1      3       0.77515313E+02
  0.33333333  0.00000000  0.00000000       0      1     -3       0.77515313E+02
  0.33333333  0.00000000  0.00000000       0      1      3       0.77515313E+02
  0.33333333  0.00000000  0.00000000       1      0      0       0.66616311E+02
  0.33333333  0.00000000  0.00000000       0     -1     -2       0.66613857E+02
  0.33333333  0.00000000  0.00000000       0     -1      2       0.66613857E+02
  0.33333333  0.00000000  0.00000000       1      1     -2       0.66613857E+02
  0.33333333  0.00000000  0.00000000       1      1      2       0.66613857E+02
  0.33333333  0.00000000  0.00000000      -1      0     -4       0.66559863E+02
  0.33333333  0.00000000  0.00000000      -1      0      4       0.66559863E+02
  0.33333333  0.00000000  0.00000000       1      0     -1       0.63633019E+02
  0.33333333  0.00000000  0.00000000       1      0      1       0.63633019E+02
  0.33333333  0.00000000  0.00000000      -1      1      0       0.56097966E+02
  0.33333333  0.00000000  0.00000000      -2     -1      0       0.56097966E+02
  0.33333333  0.00000000  0.00000000       1      0     -2       0.56096281E+02
  0.33333333  0.00000000  0.00000000       1      0      2       0.56096281E+02
  0.33333333  0.00000000  0.00000000      -1     -1     -4       0.56087503E+02
  0.33333333  0.00000000  0.00000000      -1     -1      4       0.56087503E+02
  0.33333333  0.00000000  0.00000000       0      1     -4       0.56087503E+02
  0.33333333  0.00000000  0.00000000       0      1      4       0.56087503E+02
  0.33333333  0.00000000  0.00000000      -1      1     -1       0.53967293E+02
  0.33333333  0.00000000  0.00000000      -1      1      1       0.53967293E+02
  0.33333333  0.00000000  0.00000000      -2     -1     -1       0.53967293E+02
  0.33333333  0.00000000  0.00000000      -2     -1      1       0.53967293E+02
  0.33333333  0.00000000  0.00000000       0     -1     -3       0.53964317E+02
  0.33333333  0.00000000  0.00000000       0     -1      3       0.53964317E+02
  0.33333333  0.00000000  0.00000000       1      1     -3       0.53964317E+02
  0.33333333  0.00000000  0.00000000       1      1      3       0.53964317E+02
  0.33333333  0.00000000  0.00000000       0      0     -5       0.55392731E+02
  0.33333333  0.00000000  0.00000000       0      0      5       0.55392731E+02
  0.33333333  0.00000000  0.00000000      -1      1     -2       0.48447002E+02
  0.33333333  0.00000000  0.00000000      -1      1      2       0.48447002E+02
  0.33333333  0.00000000  0.00000000      -2     -1     -2       0.48447002E+02
  0.33333333  0.00000000  0.00000000      -2     -1      2       0.48447002E+02
  0.33333333  0.00000000  0.00000000       1      0     -3       0.46848465E+02
  0.33333333  0.00000000  0.00000000       1      0      3       0.46848465E+02
  0.33333333  0.00000000  0.00000000      -1      0     -5       0.46876914E+02
  0.33333333  0.00000000  0.00000000      -1      0      5       0.46876914E+02
  0.33333333  0.00000000  0.00000000      -2      0      0       0.42634460E+02
  0.33333333  0.00000000  0.00000000       0     -1     -4       0.42630524E+02
  0.33333333  0.00000000  0.00000000       0     -1      4       0.42630524E+02
  0.33333333  0.00000000  0.00000000       1      1     -4       0.42630524E+02
  0.33333333  0.00000000  0.00000000       1      1      4       0.42630524E+02
  0.33333333  0.00000000  0.00000000      -2      0     -1       0.41392454E+02
  0.33333333  0.00000000  0.00000000      -2      0      1       0.41392454E+02
  0.33333333  0.00000000  0.00000000      -1      1     -3       0.41390646E+02
  0.33333333  0.00000000  0.00000000      -1      1      3       0.41390646E+02
  0.33333333  0.00000000  0.00000000      -2     -1     -3       0.41390646E+02
  0.33333333  0.00000000  0.00000000      -2     -1      3       0.41390646E+02
  0.33333333  0.00000000  0.00000000      -1     -1     -5       0.41389826E+02
  0.33333333  0.00000000  0.00000000      -1     -1      5       0.41389826E+02
  0.33333333  0.00000000  0.00000000       0      1     -5       0.41389826E+02
  0.33333333  0.00000000  0.00000000       0      1      5       0.41389826E+02
  0.33333333  0.00000000  0.00000000      -1     -2      0       0.38066482E+02
  0.33333333  0.00000000  0.00000000       1      2      0       0.38066482E+02
  0.33333333  0.00000000  0.00000000      -2      0     -2       0.38065715E+02
  0.33333333  0.00000000  0.00000000      -2      0      2       0.38065715E+02
  0.33333333  0.00000000  0.00000000       1      0     -4       0.38063396E+02
  0.33333333  0.00000000  0.00000000       1      0      4       0.38063396E+02
  0.33333333  0.00000000  0.00000000       0      0     -6       0.37047617E+02
  0.33333333  0.00000000  0.00000000       0      0      6       0.37047617E+02
  0.33333333  0.00000000  0.00000000      -1     -2     -1       0.37073262E+02
  0.33333333  0.00000000  0.00000000      -1     -2      1       0.37073262E+02
  0.33333333  0.00000000  0.00000000       1      2     -1       0.37073262E+02
  0.33333333  0.00000000  0.00000000       1      2      1       0.37073262E+02
  0.33333333  0.00000000  0.00000000       0      2      0       0.34382629E+02
  0.33333333  0.00000000  0.00000000      -2     -2      0       0.34382629E+02
  0.33333333  0.00000000  0.00000000      -1     -2     -2       0.34382004E+02
  0.33333333  0.00000000  0.00000000      -1     -2      2       0.34382004E+02
  0.33333333  0.00000000  0.00000000       1      2     -2       0.34382004E+02
  0.33333333  0.00000000  0.00000000       1      2      2       0.34382004E+02
  0.33333333  0.00000000  0.00000000      -1      1     -4       0.34380123E+02
  0.33333333  0.00000000  0.00000000      -1      1      4       0.34380123E+02
  0.33333333  0.00000000  0.00000000      -2     -1     -4       0.34380123E+02
  0.33333333  0.00000000  0.00000000      -2     -1      4       0.34380123E+02
  0.33333333  0.00000000  0.00000000      -1      0     -6       0.34352697E+02
  0.33333333  0.00000000  0.00000000      -1      0      6       0.34352697E+02
  0.33333333  0.00000000  0.00000000       0      2     -1       0.33570292E+02
  0.33333333  0.00000000  0.00000000       0      2      1       0.33570292E+02
  0.33333333  0.00000000  0.00000000      -2     -2     -1       0.33570292E+02
  0.33333333  0.00000000  0.00000000      -2     -2      1       0.33570292E+02
  0.33333333  0.00000000  0.00000000      -2      0     -3       0.33569100E+02
  0.33333333  0.00000000  0.00000000      -2      0      3       0.33569100E+02
  0.33333333  0.00000000  0.00000000       0     -1     -5       0.33566785E+02
  0.33333333  0.00000000  0.00000000       0     -1      5       0.33566785E+02
  0.33333333  0.00000000  0.00000000       1      1     -5       0.33566785E+02
  0.33333333  0.00000000  0.00000000       1      1      5       0.33566785E+02
  0.33333333  0.00000000  0.00000000       0      2     -2       0.31348348E+02
  0.33333333  0.00000000  0.00000000       0      2      2       0.31348348E+02
  0.33333333  0.00000000  0.00000000      -2     -2     -2       0.31348348E+02
  0.33333333  0.00000000  0.00000000      -2     -2      2       0.31348348E+02
  0.33333333  0.00000000  0.00000000      -1     -1     -6       0.31342059E+02
  0.33333333  0.00000000  0.00000000      -1     -1      6       0.31342059E+02
  0.33333333  0.00000000  0.00000000       0      1     -6       0.31342059E+02
  0.33333333  0.00000000  0.00000000       0      1      6       0.31342059E+02
  0.33333333  0.00000000  0.00000000      -1     -2     -3       0.30671154E+02
  0.33333333  0.00000000  0.00000000      -1     -2      3       0.30671154E+02
  0.33333333  0.00000000  0.00000000       1      2     -3       0.30671154E+02
  0.33333333  0.00000000  0.00000000       1      2      3       0.30671154E+02
  0.33333333  0.00000000  0.00000000       1      0     -5       0.30669178E+02
  0.33333333  0.00000000  0.00000000       1      0      5       0.30669178E+02
  0.33333333  0.00000000  0.00000000       1     -1      0       0.28807068E+02
  0.33333333  0.00000000  0.00000000       2      1      0       0.28807068E+02
  0.33333333  0.00000000  0.00000000      -2      0     -4       0.28805311E+02
  0.33333333  0.00000000  0.00000000      -2      0      4       0.28805311E+02
  0.33333333  0.00000000  0.00000000       1     -1     -1       0.28234636E+02
  0.33333333  0.00000000  0.00000000       1     -1      1       0.28234636E+02
  0.33333333  0.00000000  0.00000000       2      1     -1       0.28234636E+02
  0.33333333  0.00000000  0.00000000       2      1      1       0.28234636E+02
  0.33333333  0.00000000  0.00000000       0      2     -3       0.28233793E+02
  0.33333333  0.00000000  0.00000000       0      2      3       0.28233793E+02
  0.33333333  0.00000000  0.00000000      -2     -2     -3       0.28233793E+02
  0.33333333  0.00000000  0.00000000      -2     -2      3       0.28233793E+02
  0.33333333  0.00000000  0.00000000      -1      1     -5       0.28232109E+02
  0.33333333  0.00000000  0.00000000      -1      1      5       0.28232109E+02
  0.33333333  0.00000000  0.00000000      -2     -1     -5       0.28232109E+02
  0.33333333  0.00000000  0.00000000      -2     -1      5       0.28232109E+02
  0.33333333  0.00000000  0.00000000       0      0     -7       0.28980171E+02
  0.33333333  0.00000000  0.00000000       0      0      7       0.28980171E+02
  0.33333333  0.00000000  0.00000000       1     -1     -2       0.26646162E+02
  0.33333333  0.00000000  0.00000000       1     -1      2       0.26646162E+02
  0.33333333  0.00000000  0.00000000       2      1     -2       0.26646162E+02
  0.33333333  0.00000000  0.00000000       2      1      2       0.26646162E+02
  0.33333333  0.00000000  0.00000000      -1     -2     -4       0.26645035E+02
  0.33333333  0.00000000  0.00000000      -1     -2      4       0.26645035E+02
  0.33333333  0.00000000  0.00000000       1      2     -4       0.26645035E+02
  0.33333333  0.00000000  0.00000000       1      2      4       0.26645035E+02
  0.33333333  0.00000000  0.00000000       0     -1     -6       0.26643101E+02
  0.33333333  0.00000000  0.00000000       0     -1      6       0.26643101E+02
  0.33333333  0.00000000  0.00000000       1      1     -6       0.26643101E+02
  0.33333333  0.00000000  0.00000000       1      1      6       0.26643101E+02
  0.33333333  0.00000000  0.00000000      -1      0     -7       0.26170165E+02
  0.33333333  0.00000000  0.00000000      -1      0      7       0.26170165E+02
  0.33333333  0.00000000  0.00000000       0     -2      0       0.24787477E+02
  0.33333333  0.00000000  0.00000000       2      2      0       0.24787477E+02
  0.33333333  0.00000000  0.00000000       0      2     -4       0.24786176E+02
  0.33333333  0.00000000  0.00000000       0      2      4       0.24786176E+02
  0.33333333  0.00000000  0.00000000      -2     -2     -4       0.24786176E+02
  0.33333333  0.00000000  0.00000000      -2     -2      4       0.24786176E+02
  0.33333333  0.00000000  0.00000000       1      0     -6       0.24784539E+02
  0.33333333  0.00000000  0.00000000       1      0      6       0.24784539E+02
  0.33333333  0.00000000  0.00000000       0     -2     -1       0.24362470E+02
  0.33333333  0.00000000  0.00000000       0     -2      1       0.24362470E+02
  0.33333333  0.00000000  0.00000000       2      2     -1       0.24362470E+02
  0.33333333  0.00000000  0.00000000       2      2      1       0.24362470E+02
  0.33333333  0.00000000  0.00000000       1     -1     -3       0.24361842E+02
  0.33333333  0.00000000  0.00000000       1     -1      3       0.24361842E+02
  0.33333333  0.00000000  0.00000000       2      1     -3       0.24361842E+02
  0.33333333  0.00000000  0.00000000       2      1      3       0.24361842E+02
  0.33333333  0.00000000  0.00000000      -2      0     -5       0.24360586E+02
  0.33333333  0.00000000  0.00000000      -2      0      5       0.24360586E+02
  0.33333333  0.00000000  0.00000000      -1     -1     -7       0.24360357E+02
  0.33333333  0.00000000  0.00000000      -1     -1      7       0.24360357E+02
  0.33333333  0.00000000  0.00000000       0      1     -7       0.24360357E+02
  0.33333333  0.00000000  0.00000000       0      1      7       0.24360357E+02
  0.33333333  0.00000000  0.00000000       0     -2     -2       0.23170618E+02
  0.33333333  0.00000000  0.00000000       0     -2      2       0.23170618E+02
  0.33333333  0.00000000  0.00000000       2      2     -2       0.23170618E+02
  0.33333333  0.00000000  0.00000000       2      2      2       0.23170618E+02
  0.33333333  0.00000000  0.00000000      -1      1     -6       0.23168343E+02
  0.33333333  0.00000000  0.00000000      -1      1      6       0.23168343E+02
  0.33333333  0.00000000  0.00000000      -2     -1     -6       0.23168343E+02
  0.33333333  0.00000000  0.00000000      -2     -1      6       0.23168343E+02
  0.33333333  0.00000000  0.00000000      -1     -2     -5       0.22797458E+02
  0.33333333  0.00000000  0.00000000      -1     -2      5       0.22797458E+02
  0.33333333  0.00000000  0.00000000       1      2     -5       0.22797458E+02
  0.33333333  0.00000000  0.00000000       1      2      5       0.22797458E+02
  0.33333333  0.00000000  0.00000000       2      0      0       0.21752276E+02
  0.33333333  0.00000000  0.00000000      -2      1      0       0.21752276E+02
  0.33333333  0.00000000  0.00000000      -3     -1      0       0.21752276E+02
  0.33333333  0.00000000  0.00000000       1     -1     -4       0.21751274E+02
  0.33333333  0.00000000  0.00000000       1     -1      4       0.21751274E+02
  0.33333333  0.00000000  0.00000000       2      1     -4       0.21751274E+02
  0.33333333  0.00000000  0.00000000       2      1      4       0.21751274E+02
  0.33333333  0.00000000  0.00000000       0      0     -8       0.21170006E+02
  0.33333333  0.00000000  0.00000000       0      0      8       0.21170006E+02
  0.33333333  0.00000000  0.00000000       2      0     -1       0.21424291E+02
  0.33333333  0.00000000  0.00000000       2      0      1       0.21424291E+02
  0.33333333  0.00000000  0.00000000      -2      1     -1       0.21424291E+02
  0.33333333  0.00000000  0.00000000      -2      1      1       0.21424291E+02
  0.33333333  0.00000000  0.00000000      -3     -1     -1       0.21424291E+02
  0.33333333  0.00000000  0.00000000      -3     -1      1       0.21424291E+02
  0.33333333  0.00000000  0.00000000       0     -2     -3       0.21423805E+02
  0.33333333  0.00000000  0.00000000       0     -2      3       0.21423805E+02
  0.33333333  0.00000000  0.00000000       2      2     -3       0.21423805E+02
  0.33333333  0.00000000  0.00000000       2      2      3       0.21423805E+02
  0.33333333  0.00000000  0.00000000       0      2     -5       0.21422834E+02
  0.33333333  0.00000000  0.00000000       0      2      5       0.21422834E+02
  0.33333333  0.00000000  0.00000000      -2     -2     -5       0.21422834E+02
  0.33333333  0.00000000  0.00000000      -2     -2      5       0.21422834E+02
  0.33333333  0.00000000  0.00000000       0     -1     -7       0.21421422E+02
  0.33333333  0.00000000  0.00000000       0     -1      7       0.21421422E+02
  0.33333333  0.00000000  0.00000000       1      1     -7       0.21421422E+02
  0.33333333  0.00000000  0.00000000       1      1      7       0.21421422E+02
  0.33333333  0.00000000  0.00000000      -1      2      0       0.20497337E+02
  0.33333333  0.00000000  0.00000000      -3     -2      0       0.20497337E+02
  0.33333333  0.00000000  0.00000000       2      0     -2       0.20497114E+02
  0.33333333  0.00000000  0.00000000       2      0      2       0.20497114E+02
  0.33333333  0.00000000  0.00000000      -2      1     -2       0.20497114E+02
  0.33333333  0.00000000  0.00000000      -2      1      2       0.20497114E+02
  0.33333333  0.00000000  0.00000000      -3     -1     -2       0.20497114E+02
  0.33333333  0.00000000  0.00000000      -3     -1      2       0.20497114E+02
  0.33333333  0.00000000  0.00000000      -2      0     -6       0.20495336E+02
  0.33333333  0.00000000  0.00000000      -2      0      6       0.20495336E+02
  0.33333333  0.00000000  0.00000000      -1      0     -8       0.20479292E+02
  0.33333333  0.00000000  0.00000000      -1      0      8       0.20479292E+02
  0.33333333  0.00000000  0.00000000      -1      2     -1       0.20205851E+02
  0.33333333  0.00000000  0.00000000      -1      2      1       0.20205851E+02
  0.33333333  0.00000000  0.00000000      -3     -2     -1       0.20205851E+02
  0.33333333  0.00000000  0.00000000      -3     -2      1       0.20205851E+02
  0.33333333  0.00000000  0.00000000       1      0     -7       0.20203269E+02
  0.33333333  0.00000000  0.00000000       1      0      7       0.20203269E+02
  0.33333333  0.00000000  0.00000000      -1      2     -2       0.19379101E+02
  0.33333333  0.00000000  0.00000000      -1      2      2       0.19379101E+02
  0.33333333  0.00000000  0.00000000      -3     -2     -2       0.19379101E+02
  0.33333333  0.00000000  0.00000000      -3     -2      2       0.19379101E+02
  0.33333333  0.00000000  0.00000000       0     -2     -4       0.19378505E+02
  0.33333333  0.00000000  0.00000000       0     -2      4       0.19378505E+02
  0.33333333  0.00000000  0.00000000       2      2     -4       0.19378505E+02
  0.33333333  0.00000000  0.00000000       2      2      4       0.19378505E+02
  0.33333333  0.00000000  0.00000000      -1     -2     -6       0.19377512E+02
  0.33333333  0.00000000  0.00000000      -1     -2      6       0.19377512E+02
  0.33333333  0.00000000  0.00000000       1      2     -6       0.19377512E+02
  0.33333333  0.00000000  0.00000000       1      2      6       0.19377512E+02
  0.33333333  0.00000000  0.00000000      -1     -1     -8       0.19374805E+02
  0.33333333  0.00000000  0.00000000      -1     -1      8       0.19374805E+02
  0.33333333  0.00000000  0.00000000       0      1     -8       0.19374805E+02
  0.33333333  0.00000000  0.00000000       0      1      8       0.19374805E+02
  0.33333333  0.00000000  0.00000000       2      0     -3       0.19118157E+02
  0.33333333  0.00000000  0.00000000       2      0      3       0.19118157E+02
  0.33333333  0.00000000  0.00000000      -2      1     -3       0.19118157E+02
  0.33333333  0.00000000  0.00000000      -2      1      3       0.19118157E+02
  0.33333333  0.00000000  0.00000000      -3     -1     -3       0.19118157E+02
  0.33333333  0.00000000  0.00000000      -3     -1      3       0.19118157E+02
  0.33333333  0.00000000  0.00000000       1     -1     -5       0.19117383E+02
  0.33333333  0.00000000  0.00000000       1     -1      5       0.19117383E+02
  0.33333333  0.00000000  0.00000000       2      1     -5       0.19117383E+02
  0.33333333  0.00000000  0.00000000       2      1      5       0.19117383E+02
  0.33333333  0.00000000  0.00000000      -1      1     -7       0.19116226E+02
  0.33333333  0.00000000  0.00000000      -1      1      7       0.19116226E+02
  0.33333333  0.00000000  0.00000000      -2     -1     -7       0.19116226E+02
  0.33333333  0.00000000  0.00000000      -2     -1      7       0.19116226E+02
  0.33333333  0.00000000  0.00000000       0      2     -6       0.18375314E+02
  0.33333333  0.00000000  0.00000000       0      2      6       0.18375314E+02
  0.33333333  0.00000000  0.00000000      -2     -2     -6       0.18375314E+02
  0.33333333  0.00000000  0.00000000      -2     -2      6       0.18375314E+02
  0.33333333  0.00000000  0.00000000      -1      2     -3       0.18141932E+02
  0.33333333  0.00000000  0.00000000      -1      2      3       0.18141932E+02
  0.33333333  0.00000000  0.00000000      -3     -2     -3       0.18141932E+02
  0.33333333  0.00000000  0.00000000      -3     -2      3       0.18141932E+02
  0.33333333  0.00000000  0.00000000       1      3      0       0.17473139E+02
  0.33333333  0.00000000  0.00000000      -2     -3      0       0.17473139E+02
  0.33333333  0.00000000  0.00000000       2      0     -4       0.17472493E+02
  0.33333333  0.00000000  0.00000000       2      0      4       0.17472493E+02
  0.33333333  0.00000000  0.00000000      -2      1     -4       0.17472493E+02
  0.33333333  0.00000000  0.00000000      -2      1      4       0.17472493E+02
  0.33333333  0.00000000  0.00000000      -3     -1     -4       0.17472493E+02
  0.33333333  0.00000000  0.00000000      -3     -1      4       0.17472493E+02
  0.33333333  0.00000000  0.00000000       0     -1     -8       0.17470518E+02
  0.33333333  0.00000000  0.00000000       0     -1      8       0.17470518E+02
  0.33333333  0.00000000  0.00000000       1      1     -8       0.17470518E+02
  0.33333333  0.00000000  0.00000000       1      1      8       0.17470518E+02
  0.33333333  0.00000000  0.00000000       1      3     -1       0.17260876E+02
  0.33333333  0.00000000  0.00000000       1      3      1       0.17260876E+02
  0.33333333  0.00000000  0.00000000      -2     -3     -1       0.17260876E+02
  0.33333333  0.00000000  0.00000000      -2     -3      1       0.17260876E+02
  0.33333333  0.00000000  0.00000000       0     -2     -5       0.17259930E+02
  0.33333333  0.00000000  0.00000000       0     -2      5       0.17259930E+02
  0.33333333  0.00000000  0.00000000       2      2     -5       0.17259930E+02
  0.33333333  0.00000000  0.00000000       2      2      5       0.17259930E+02
  0.33333333  0.00000000  0.00000000      -2      0     -7       0.17258984E+02
  0.33333333  0.00000000  0.00000000      -2      0      7       0.17258984E+02
  0.33333333  0.00000000  0.00000000       0      0     -9       0.17716589E+02
  0.33333333  0.00000000  0.00000000       0      0      9       0.17716589E+02
  0.33333333  0.00000000  0.00000000      -3      0      0       0.16654086E+02
  0.33333333  0.00000000  0.00000000       1      3     -2       0.16653939E+02
  0.33333333  0.00000000  0.00000000       1      3      2       0.16653939E+02
  0.33333333  0.00000000  0.00000000      -2     -3     -2       0.16653939E+02
  0.33333333  0.00000000  0.00000000      -2     -3      2       0.16653939E+02
  0.33333333  0.00000000  0.00000000      -1      2     -4       0.16653499E+02
  0.33333333  0.00000000  0.00000000      -1      2      4       0.16653499E+02
  0.33333333  0.00000000  0.00000000      -3     -2     -4       0.16653499E+02
  0.33333333  0.00000000  0.00000000      -3     -2      4       0.16653499E+02
  0.33333333  0.00000000  0.00000000       1     -1     -6       0.16652765E+02
  0.33333333  0.00000000  0.00000000       1     -1      6       0.16652765E+02
  0.33333333  0.00000000  0.00000000       2      1     -6       0.16652765E+02
  0.33333333  0.00000000  0.00000000       2      1      6       0.16652765E+02
  0.33333333  0.00000000  0.00000000       1      0     -8       0.16651730E+02
  0.33333333  0.00000000  0.00000000       1      0      8       0.16651730E+02
  0.33333333  0.00000000  0.00000000      -3      0     -1       0.16461146E+02
  0.33333333  0.00000000  0.00000000      -3      0      1       0.16461146E+02
  0.33333333  0.00000000  0.00000000      -1     -2     -7       0.16459425E+02
  0.33333333  0.00000000  0.00000000      -1     -2      7       0.16459425E+02
  0.33333333  0.00000000  0.00000000       1      2     -7       0.16459425E+02
  0.33333333  0.00000000  0.00000000       1      2      7       0.16459425E+02
  0.33333333  0.00000000  0.00000000      -1      0     -9       0.16469914E+02
  0.33333333  0.00000000  0.00000000      -1      0      9       0.16469914E+02
  0.33333333  0.00000000  0.00000000      -1     -3      0       0.15908381E+02
  0.33333333  0.00000000  0.00000000       2      3      0       0.15908381E+02
  0.33333333  0.00000000  0.00000000      -3      0     -2       0.15908247E+02
  0.33333333  0.00000000  0.00000000      -3      0      2       0.15908247E+02
  0.33333333  0.00000000  0.00000000      -1      1     -8       0.15906236E+02
  0.33333333  0.00000000  0.00000000      -1      1      8       0.15906236E+02
  0.33333333  0.00000000  0.00000000      -2     -1     -8       0.15906236E+02
  0.33333333  0.00000000  0.00000000      -2     -1      8       0.15906236E+02
  0.33333333  0.00000000  0.00000000      -1     -3     -1       0.15732240E+02
  0.33333333  0.00000000  0.00000000      -1     -3      1       0.15732240E+02
  0.33333333  0.00000000  0.00000000       2      3     -1       0.15732240E+02
  0.33333333  0.00000000  0.00000000       2      3      1       0.15732240E+02
  0.33333333  0.00000000  0.00000000       1      3     -3       0.15731978E+02
  0.33333333  0.00000000  0.00000000       1      3      3       0.15731978E+02
  0.33333333  0.00000000  0.00000000      -2     -3     -3       0.15731978E+02
  0.33333333  0.00000000  0.00000000      -2     -3      3       0.15731978E+02
  0.33333333  0.00000000  0.00000000       2      0     -5       0.15731455E+02
  0.33333333  0.00000000  0.00000000       2      0      5       0.15731455E+02
  0.33333333  0.00000000  0.00000000      -2      1     -5       0.15731455E+02
  0.33333333  0.00000000  0.00000000      -2      1      5       0.15731455E+02
  0.33333333  0.00000000  0.00000000      -3     -1     -5       0.15731455E+02
  0.33333333  0.00000000  0.00000000      -3     -1      5       0.15731455E+02
  0.33333333  0.00000000  0.00000000       0      2     -7       0.15730669E+02
  0.33333333  0.00000000  0.00000000       0      2      7       0.15730669E+02
  0.33333333  0.00000000  0.00000000      -2     -2     -7       0.15730669E+02
  0.33333333  0.00000000  0.00000000      -2     -2      7       0.15730669E+02
  0.33333333  0.00000000  0.00000000      -1     -1     -9       0.15730690E+02
  0.33333333  0.00000000  0.00000000      -1     -1      9       0.15730690E+02
  0.33333333  0.00000000  0.00000000       0      1     -9       0.15730690E+02
  0.33333333  0.00000000  0.00000000       0      1      9       0.15730690E+02
  0.33333333  0.00000000  0.00000000      -1     -3     -2       0.15226470E+02
  0.33333333  0.00000000  0.00000000      -1     -3      2       0.15226470E+02
  0.33333333  0.00000000  0.00000000       2      3     -2       0.15226470E+02
  0.33333333  0.00000000  0.00000000       2      3      2       0.15226470E+02
  0.33333333  0.00000000  0.00000000       0     -2     -6       0.15225489E+02
  0.33333333  0.00000000  0.00000000       0     -2      6       0.15225489E+02
  0.33333333  0.00000000  0.00000000       2      2     -6       0.15225489E+02
  0.33333333  0.00000000  0.00000000       2      2      6       0.15225489E+02
  0.33333333  0.00000000  0.00000000      -3      0     -3       0.15064910E+02
  0.33333333  0.00000000  0.00000000      -3      0      3       0.15064910E+02
  0.33333333  0.00000000  0.00000000      -1      2     -5       0.15064430E+02
  0.33333333  0.00000000  0.00000000      -1      2      5       0.15064430E+02
  0.33333333  0.00000000  0.00000000      -3     -2     -5       0.15064430E+02
  0.33333333  0.00000000  0.00000000      -3     -2      5       0.15064430E+02
  0.33333333  0.00000000  0.00000000       0      3      0       0.14600843E+02
  0.33333333  0.00000000  0.00000000      -3     -3      0       0.14600843E+02
  0.33333333  0.00000000  0.00000000       1      3     -4       0.14600391E+02
  0.33333333  0.00000000  0.00000000       1      3      4       0.14600391E+02
  0.33333333  0.00000000  0.00000000      -2     -3     -4       0.14600391E+02
  0.33333333  0.00000000  0.00000000      -2     -3      4       0.14600391E+02
  0.33333333  0.00000000  0.00000000      -2      0     -8       0.14599038E+02
  0.33333333  0.00000000  0.00000000      -2      0      8       0.14599038E+02
  0.33333333  0.00000000  0.00000000       0      3     -1       0.14452332E+02
  0.33333333  0.00000000  0.00000000       0      3      1       0.14452332E+02
  0.33333333  0.00000000  0.00000000      -3     -3     -1       0.14452332E+02
  0.33333333  0.00000000  0.00000000      -3     -3      1       0.14452332E+02
  0.33333333  0.00000000  0.00000000      -1     -3     -3       0.14452111E+02
  0.33333333  0.00000000  0.00000000      -1     -3      3       0.14452111E+02
  0.33333333  0.00000000  0.00000000       2      3     -3       0.14452111E+02
  0.33333333  0.00000000  0.00000000       2      3      3       0.14452111E+02
  0.33333333  0.00000000  0.00000000       1     -1     -7       0.14451006E+02
  0.33333333  0.00000000  0.00000000       1     -1      7       0.14451006E+02
  0.33333333  0.00000000  0.00000000       2      1     -7       0.14451006E+02
  0.33333333  0.00000000  0.00000000       2      1      7       0.14451006E+02
  0.33333333  0.00000000  0.00000000       0     -1     -9       0.14450152E+02
  0.33333333  0.00000000  0.00000000       0     -1      9       0.14450152E+02
  0.33333333  0.00000000  0.00000000       1      1     -9       0.14450152E+02
  0.33333333  0.00000000  0.00000000       1      1      9       0.14450152E+02
  0.33333333  0.00000000  0.00000000       1     -2      0       0.14024493E+02
  0.33333333  0.00000000  0.00000000       3      2      0       0.14024493E+02
  0.33333333  0.00000000  0.00000000       0      3     -2       0.14024389E+02
  0.33333333  0.00000000  0.00000000       0      3      2       0.14024389E+02
  0.33333333  0.00000000  0.00000000      -3     -3     -2       0.14024389E+02
  0.33333333  0.00000000  0.00000000      -3     -3      2       0.14024389E+02
  0.33333333  0.00000000  0.00000000      -3      0     -4       0.14024077E+02
  0.33333333  0.00000000  0.00000000      -3      0      4       0.14024077E+02
  0.33333333  0.00000000  0.00000000       2      0     -6       0.14023557E+02
  0.33333333  0.00000000  0.00000000       2      0      6       0.14023557E+02
  0.33333333  0.00000000  0.00000000      -2      1     -6       0.14023557E+02
  0.33333333  0.00000000  0.00000000      -2      1      6       0.14023557E+02
  0.33333333  0.00000000  0.00000000      -3     -1     -6       0.14023557E+02
  0.33333333  0.00000000  0.00000000      -3     -1      6       0.14023557E+02
  0.33333333  0.00000000  0.00000000      -1     -2     -8       0.14022828E+02
  0.33333333  0.00000000  0.00000000      -1     -2      8       0.14022828E+02
  0.33333333  0.00000000  0.00000000       1      2     -8       0.14022828E+02
  0.33333333  0.00000000  0.00000000       1      2      8       0.14022828E+02
  0.33333333  0.00000000  0.00000000       0      0    -10       0.13649064E+02
  0.33333333  0.00000000  0.00000000       0      0     10       0.13649064E+02
  0.33333333  0.00000000  0.00000000       1     -2     -1       0.13887421E+02
  0.33333333  0.00000000  0.00000000       1     -2      1       0.13887421E+02
  0.33333333  0.00000000  0.00000000       3      2     -1       0.13887421E+02
  0.33333333  0.00000000  0.00000000       3      2      1       0.13887421E+02
  0.33333333  0.00000000  0.00000000       1      0     -9       0.13885387E+02
  0.33333333  0.00000000  0.00000000       1      0      9       0.13885387E+02
  0.33333333  0.00000000  0.00000000       2     -1      0       0.13491918E+02
  0.33333333  0.00000000  0.00000000       3      1      0       0.13491918E+02
  0.33333333  0.00000000  0.00000000       1     -2     -2       0.13491821E+02
  0.33333333  0.00000000  0.00000000       1     -2      2       0.13491821E+02
  0.33333333  0.00000000  0.00000000       3      2     -2       0.13491821E+02
  0.33333333  0.00000000  0.00000000       3      2      2       0.13491821E+02
  0.33333333  0.00000000  0.00000000      -1     -3     -4       0.13491533E+02
  0.33333333  0.00000000  0.00000000      -1     -3      4       0.13491533E+02
  0.33333333  0.00000000  0.00000000       2      3     -4       0.13491533E+02
  0.33333333  0.00000000  0.00000000       2      3      4       0.13491533E+02
  0.33333333  0.00000000  0.00000000      -1      2     -6       0.13491051E+02
  0.33333333  0.00000000  0.00000000      -1      2      6       0.13491051E+02
  0.33333333  0.00000000  0.00000000      -3     -2     -6       0.13491051E+02
  0.33333333  0.00000000  0.00000000      -3     -2      6       0.13491051E+02
  0.33333333  0.00000000  0.00000000       0      2     -8       0.13490377E+02
  0.33333333  0.00000000  0.00000000       0      2      8       0.13490377E+02
  0.33333333  0.00000000  0.00000000      -2     -2     -8       0.13490377E+02
  0.33333333  0.00000000  0.00000000      -2     -2      8       0.13490377E+02
  0.33333333  0.00000000  0.00000000      -1      0    -10       0.13479973E+02
  0.33333333  0.00000000  0.00000000      -1      0     10       0.13479973E+02
  0.33333333  0.00000000  0.00000000       2     -1     -1       0.13365011E+02
  0.33333333  0.00000000  0.00000000       2     -1      1       0.13365011E+02
  0.33333333  0.00000000  0.00000000       3      1     -1       0.13365011E+02
  0.33333333  0.00000000  0.00000000       3      1      1       0.13365011E+02
  0.33333333  0.00000000  0.00000000       0      3     -3       0.13364822E+02
  0.33333333  0.00000000  0.00000000       0      3      3       0.13364822E+02
  0.33333333  0.00000000  0.00000000      -3     -3     -3       0.13364822E+02
  0.33333333  0.00000000  0.00000000      -3     -3      3       0.13364822E+02
  0.33333333  0.00000000  0.00000000       1      3     -5       0.13364444E+02
  0.33333333  0.00000000  0.00000000       1      3      5       0.13364444E+02
  0.33333333  0.00000000  0.00000000      -2     -3     -5       0.13364444E+02
  0.33333333  0.00000000  0.00000000      -2     -3      5       0.13364444E+02
  0.33333333  0.00000000  0.00000000       0     -2     -7       0.13363877E+02
  0.33333333  0.00000000  0.00000000       0     -2      7       0.13363877E+02
  0.33333333  0.00000000  0.00000000       2      2     -7       0.13363877E+02
  0.33333333  0.00000000  0.00000000       2      2      7       0.13363877E+02
  0.33333333  0.00000000  0.00000000      -1      1     -9       0.13363123E+02
  0.33333333  0.00000000  0.00000000      -1      1      9       0.13363123E+02
  0.33333333  0.00000000  0.00000000      -2     -1     -9       0.13363123E+02
  0.33333333  0.00000000  0.00000000      -2     -1      9       0.13363123E+02
  0.33333333  0.00000000  0.00000000       2     -1     -2       0.12998222E+02
  0.33333333  0.00000000  0.00000000       2     -1      2       0.12998222E+02
  0.33333333  0.00000000  0.00000000       3      1     -2       0.12998222E+02
  0.33333333  0.00000000  0.00000000       3      1      2       0.12998222E+02
  0.33333333  0.00000000  0.00000000      -1     -1    -10       0.12995193E+02
  0.33333333  0.00000000  0.00000000      -1     -1     10       0.12995193E+02
  0.33333333  0.00000000  0.00000000       0      1    -10       0.12995193E+02
  0.33333333  0.00000000  0.00000000       0      1     10       0.12995193E+02
  0.33333333  0.00000000  0.00000000       1     -2     -3       0.12880304E+02
  0.33333333  0.00000000  0.00000000       1     -2      3       0.12880304E+02
  0.33333333  0.00000000  0.00000000       3      2     -3       0.12880304E+02
  0.33333333  0.00000000  0.00000000       3      2      3       0.12880304E+02
  0.33333333  0.00000000  0.00000000      -3      0     -5       0.12879953E+02
  0.33333333  0.00000000  0.00000000      -3      0      5       0.12879953E+02
