  0.00100000  0.00000000  0.00000000       0      0      0       0.12817317E+07
  0.00100000  0.00000000  0.00000000       0      0     -1       0.28263513E+04
  0.00100000  0.00000000  0.00000000       0      0      1       0.28263513E+04
  0.00100000  0.00000000  0.00000000       0      0     -2       0.38444609E+01
  0.00100000  0.00000000  0.00000000       0      0      2       0.38444609E+01
  0.00100000  0.00000000  0.00000000       0      0     -3       0.31404238E+03
  0.00100000  0.00000000  0.00000000       0      0      3       0.31404238E+03
  0.00100000  0.00000000  0.00000000      -1      0      0       0.11866401E+03
  0.00100000  0.00000000  0.00000000       1      0      0       0.11819036E+03
  0.00100000  0.00000000  0.00000000       0     -1      0       0.11830842E+03
  0.00100000  0.00000000  0.00000000       0      1      0       0.11854524E+03
  0.00100000  0.00000000  0.00000000      -1     -1      0       0.11854524E+03
  0.00100000  0.00000000  0.00000000       1      1      0       0.11830842E+03
  0.00100000  0.00000000  0.00000000      -1      0     -1       0.10952172E+03
  0.00100000  0.00000000  0.00000000      -1      0      1       0.10952172E+03
  0.00100000  0.00000000  0.00000000       1      0     -1       0.10911803E+03
  0.00100000  0.00000000  0.00000000       1      0      1       0.10911803E+03
  0.00100000  0.00000000  0.00000000       0     -1     -1       0.10921868E+03
  0.00100000  0.00000000  0.00000000       0     -1      1       0.10921868E+03
  0.00100000  0.00000000  0.00000000       0      1     -1       0.10942052E+03
  0.00100000  0.00000000  0.00000000       0      1      1       0.10942052E+03
  0.00100000  0.00000000  0.00000000      -1     -1     -1       0.10942052E+03
  0.00100000  0.00000000  0.00000000      -1     -1      1       0.10942052E+03
  0.00100000  0.00000000  0.00000000       1      1     -1       0.10921868E+03
  0.00100000  0.00000000  0.00000000       1      1      1       0.10921868E+03
  0.00100000  0.00000000  0.00000000      -1      0     -2       0.88949281E+02
  0.00100000  0.00000000  0.00000000      -1      0      2       0.88949281E+02
  0.00100000  0.00000000  0.00000000       1      0     -2       0.88682882E+02
  0.00100000  0.00000000  0.00000000       1      0      2       0.88682882E+02
  0.00100000  0.00000000  0.00000000       0     -1     -2       0.88749332E+02
  0.00100000  0.00000000  0.00000000       0     -1      2       0.88749332E+02
  0.00100000  0.00000000  0.00000000       0      1     -2       0.88882531E+02
  0.00100000  0.00000000  0.00000000       0      1      2       0.88882531E+02
  0.00100000  0.00000000  0.00000000      -1     -1     -2       0.88882531E+02
  0.00100000  0.00000000  0.00000000      -1     -1      2       0.88882531E+02
  0.00100000  0.00000000  0.00000000       1      1     -2       0.88749332E+02
  0.00100000  0.00000000  0.00000000       1      1      2       0.88749332E+02
  0.00100000  0.00000000  0.00000000       0      0     -4       0.96111740E+00
  0.00100000  0.00000000  0.00000000       0      0      4       0.96111740E+00
  0.00100000  0.00000000  0.00000000      -1      0     -3       0.67746960E+02
  0.00100000  0.00000000  0.00000000      -1      0      3       0.67746960E+02
  0.00100000  0.00000000  0.00000000       1      0     -3       0.67592272E+02
  0.00100000  0.00000000  0.00000000       1      0      3       0.67592272E+02
  0.00100000  0.00000000  0.00000000       0     -1     -3       0.67630878E+02
  0.00100000  0.00000000  0.00000000       0     -1      3       0.67630878E+02
  0.00100000  0.00000000  0.00000000       0      1     -3       0.67708222E+02
  0.00100000  0.00000000  0.00000000       0      1      3       0.67708222E+02
  0.00100000  0.00000000  0.00000000      -1     -1     -3       0.67708222E+02
  0.00100000  0.00000000  0.00000000      -1     -1      3       0.67708222E+02
  0.00100000  0.00000000  0.00000000       1      1     -3       0.67630878E+02
  0.00100000  0.00000000  0.00000000       1      1      3       0.67630878E+02
  0.00100000  0.00000000  0.00000000       0      0     -5       0.11305535E+03
  0.00100000  0.00000000  0.00000000       0      0      5       0.11305535E+03
  0.00100000  0.00000000  0.00000000      -1      0     -4       0.50792403E+02
  0.00100000  0.00000000  0.00000000      -1      0      4       0.50792403E+02
  0.00100000  0.00000000  0.00000000       1      0     -4       0.50705435E+02
  0.00100000  0.00000000  0.00000000       1      0      4       0.50705435E+02
  0.00100000  0.00000000  0.00000000       0     -1     -4       0.50727149E+02
  0.00100000  0.00000000  0.00000000       0     -1      4       0.50727149E+02
  0.00100000  0.00000000  0.00000000       0      1     -4       0.50770633E+02
  0.00100000  0.00000000  0.00000000       0      1      4       0.50770633E+02
  0.00100000  0.00000000  0.00000000      -1     -1     -4       0.50770633E+02
  0.00100000  0.00000000  0.00000000      -1     -1      4       0.50770633E+02
  0.00100000  0.00000000  0.00000000       1      1     -4       0.50727149E+02
  0.00100000  0.00000000  0.00000000       1      1      4       0.50727149E+02
  0.00100000  0.00000000  0.00000000      -1      1      0       0.39515854E+02
  0.00100000  0.00000000  0.00000000       1     -1      0       0.39436902E+02
  0.00100000  0.00000000  0.00000000      -2     -1      0       0.39515854E+02
  0.00100000  0.00000000  0.00000000       2      1      0       0.39436902E+02
  0.00100000  0.00000000  0.00000000      -1     -2      0       0.39476339E+02
  0.00100000  0.00000000  0.00000000       1      2      0       0.39476339E+02
  0.00100000  0.00000000  0.00000000       0      0     -6       0.42716346E+00
  0.00100000  0.00000000  0.00000000       0      0      6       0.42716346E+00
  0.00100000  0.00000000  0.00000000      -1      1     -1       0.38446624E+02
  0.00100000  0.00000000  0.00000000      -1      1      1       0.38446624E+02
  0.00100000  0.00000000  0.00000000       1     -1     -1       0.38371882E+02
  0.00100000  0.00000000  0.00000000       1     -1      1       0.38371882E+02
  0.00100000  0.00000000  0.00000000      -2     -1     -1       0.38446624E+02
  0.00100000  0.00000000  0.00000000      -2     -1      1       0.38446624E+02
  0.00100000  0.00000000  0.00000000       2      1     -1       0.38371882E+02
  0.00100000  0.00000000  0.00000000       2      1      1       0.38371882E+02
  0.00100000  0.00000000  0.00000000      -1     -2     -1       0.38409216E+02
  0.00100000  0.00000000  0.00000000      -1     -2      1       0.38409216E+02
  0.00100000  0.00000000  0.00000000       1      2     -1       0.38409216E+02
  0.00100000  0.00000000  0.00000000       1      2      1       0.38409216E+02
  0.00100000  0.00000000  0.00000000      -1      0     -5       0.38430187E+02
  0.00100000  0.00000000  0.00000000      -1      0      5       0.38430187E+02
  0.00100000  0.00000000  0.00000000       1      0     -5       0.38380355E+02
  0.00100000  0.00000000  0.00000000       1      0      5       0.38380355E+02
  0.00100000  0.00000000  0.00000000       0     -1     -5       0.38392801E+02
  0.00100000  0.00000000  0.00000000       0     -1      5       0.38392801E+02
  0.00100000  0.00000000  0.00000000       0      1     -5       0.38417717E+02
  0.00100000  0.00000000  0.00000000       0      1      5       0.38417717E+02
  0.00100000  0.00000000  0.00000000      -1     -1     -5       0.38417717E+02
  0.00100000  0.00000000  0.00000000      -1     -1      5       0.38417717E+02
  0.00100000  0.00000000  0.00000000       1      1     -5       0.38392801E+02
  0.00100000  0.00000000  0.00000000       1      1      5       0.38392801E+02
  0.00100000  0.00000000  0.00000000      -1      1     -2       0.35560041E+02
  0.00100000  0.00000000  0.00000000      -1      1      2       0.35560041E+02
  0.00100000  0.00000000  0.00000000       1     -1     -2       0.35496092E+02
  0.00100000  0.00000000  0.00000000       1     -1      2       0.35496092E+02
  0.00100000  0.00000000  0.00000000      -2     -1     -2       0.35560041E+02
  0.00100000  0.00000000  0.00000000      -2     -1      2       0.35560041E+02
  0.00100000  0.00000000  0.00000000       2      1     -2       0.35496092E+02
  0.00100000  0.00000000  0.00000000       2      1      2       0.35496092E+02
  0.00100000  0.00000000  0.00000000      -1     -2     -2       0.35528038E+02
  0.00100000  0.00000000  0.00000000      -1     -2      2       0.35528038E+02
  0.00100000  0.00000000  0.00000000       1      2     -2       0.35528038E+02
  0.00100000  0.00000000  0.00000000       1      2      2       0.35528038E+02
  0.00100000  0.00000000  0.00000000      -1      1     -3       0.31605169E+02
  0.00100000  0.00000000  0.00000000      -1      1      3       0.31605169E+02
  0.00100000  0.00000000  0.00000000       1     -1     -3       0.31554643E+02
  0.00100000  0.00000000  0.00000000       1     -1      3       0.31554643E+02
  0.00100000  0.00000000  0.00000000      -2     -1     -3       0.31605169E+02
  0.00100000  0.00000000  0.00000000      -2     -1      3       0.31605169E+02
  0.00100000  0.00000000  0.00000000       2      1     -3       0.31554643E+02
  0.00100000  0.00000000  0.00000000       2      1      3       0.31554643E+02
  0.00100000  0.00000000  0.00000000      -1     -2     -3       0.31579886E+02
  0.00100000  0.00000000  0.00000000      -1     -2      3       0.31579886E+02
  0.00100000  0.00000000  0.00000000       1      2     -3       0.31579886E+02
  0.00100000  0.00000000  0.00000000       1      2      3       0.31579886E+02
  0.00100000  0.00000000  0.00000000      -2      0      0       0.29636894E+02
  0.00100000  0.00000000  0.00000000       2      0      0       0.29577679E+02
  0.00100000  0.00000000  0.00000000       0     -2      0       0.29592460E+02
  0.00100000  0.00000000  0.00000000       0      2      0       0.29622068E+02
  0.00100000  0.00000000  0.00000000      -2     -2      0       0.29622068E+02
  0.00100000  0.00000000  0.00000000       2      2      0       0.29592460E+02
  0.00100000  0.00000000  0.00000000      -1      0     -6       0.29617327E+02
  0.00100000  0.00000000  0.00000000      -1      0      6       0.29617327E+02
  0.00100000  0.00000000  0.00000000       1      0     -6       0.29587740E+02
  0.00100000  0.00000000  0.00000000       1      0      6       0.29587740E+02
  0.00100000  0.00000000  0.00000000       0     -1     -6       0.29595131E+02
  0.00100000  0.00000000  0.00000000       0     -1      6       0.29595131E+02
  0.00100000  0.00000000  0.00000000       0      1     -6       0.29609925E+02
  0.00100000  0.00000000  0.00000000       0      1      6       0.29609925E+02
  0.00100000  0.00000000  0.00000000      -1     -1     -6       0.29609925E+02
  0.00100000  0.00000000  0.00000000      -1     -1      6       0.29609925E+02
  0.00100000  0.00000000  0.00000000       1      1     -6       0.29595131E+02
  0.00100000  0.00000000  0.00000000       1      1      6       0.29595131E+02
  0.00100000  0.00000000  0.00000000      -2      0     -1       0.29031355E+02
  0.00100000  0.00000000  0.00000000      -2      0      1       0.29031355E+02
  0.00100000  0.00000000  0.00000000       2      0     -1       0.28974533E+02
  0.00100000  0.00000000  0.00000000       2      0      1       0.28974533E+02
  0.00100000  0.00000000  0.00000000       0     -2     -1       0.28988717E+02
  0.00100000  0.00000000  0.00000000       0     -2      1       0.28988717E+02
  0.00100000  0.00000000  0.00000000       0      2     -1       0.29017128E+02
  0.00100000  0.00000000  0.00000000       0      2      1       0.29017128E+02
  0.00100000  0.00000000  0.00000000      -2     -2     -1       0.29017128E+02
  0.00100000  0.00000000  0.00000000      -2     -2      1       0.29017128E+02
  0.00100000  0.00000000  0.00000000       2      2     -1       0.28988717E+02
  0.00100000  0.00000000  0.00000000       2      2      1       0.28988717E+02
  0.00100000  0.00000000  0.00000000       0      0     -7       0.57681317E+02
  0.00100000  0.00000000  0.00000000       0      0      7       0.57681317E+02
  0.00100000  0.00000000  0.00000000      -2      0     -2       0.27354631E+02
  0.00100000  0.00000000  0.00000000      -2      0      2       0.27354631E+02
  0.00100000  0.00000000  0.00000000       2      0     -2       0.27304177E+02
  0.00100000  0.00000000  0.00000000       2      0      2       0.27304177E+02
  0.00100000  0.00000000  0.00000000       0     -2     -2       0.27316773E+02
  0.00100000  0.00000000  0.00000000       0     -2      2       0.27316773E+02
  0.00100000  0.00000000  0.00000000       0      2     -2       0.27342000E+02
  0.00100000  0.00000000  0.00000000       0      2      2       0.27342000E+02
  0.00100000  0.00000000  0.00000000      -2     -2     -2       0.27342000E+02
  0.00100000  0.00000000  0.00000000      -2     -2      2       0.27342000E+02
  0.00100000  0.00000000  0.00000000       2      2     -2       0.27316773E+02
  0.00100000  0.00000000  0.00000000       2      2      2       0.27316773E+02
  0.00100000  0.00000000  0.00000000      -1      1     -4       0.27347126E+02
  0.00100000  0.00000000  0.00000000      -1      1      4       0.27347126E+02
  0.00100000  0.00000000  0.00000000       1     -1     -4       0.27309290E+02
  0.00100000  0.00000000  0.00000000       1     -1      4       0.27309290E+02
  0.00100000  0.00000000  0.00000000      -2     -1     -4       0.27347126E+02
  0.00100000  0.00000000  0.00000000      -2     -1      4       0.27347126E+02
  0.00100000  0.00000000  0.00000000       2      1     -4       0.27309290E+02
  0.00100000  0.00000000  0.00000000       2      1      4       0.27309290E+02
  0.00100000  0.00000000  0.00000000      -1     -2     -4       0.27328195E+02
  0.00100000  0.00000000  0.00000000      -1     -2      4       0.27328195E+02
  0.00100000  0.00000000  0.00000000       1      2     -4       0.27328195E+02
  0.00100000  0.00000000  0.00000000       1      2      4       0.27328195E+02
  0.00100000  0.00000000  0.00000000      -2      0     -3       0.24952700E+02
  0.00100000  0.00000000  0.00000000      -2      0      3       0.24952700E+02
  0.00100000  0.00000000  0.00000000       2      0     -3       0.24910711E+02
  0.00100000  0.00000000  0.00000000       2      0      3       0.24910711E+02
  0.00100000  0.00000000  0.00000000       0     -2     -3       0.24921195E+02
  0.00100000  0.00000000  0.00000000       0     -2      3       0.24921195E+02
  0.00100000  0.00000000  0.00000000       0      2     -3       0.24942189E+02
  0.00100000  0.00000000  0.00000000       0      2      3       0.24942189E+02
  0.00100000  0.00000000  0.00000000      -2     -2     -3       0.24942189E+02
  0.00100000  0.00000000  0.00000000      -2     -2      3       0.24942189E+02
  0.00100000  0.00000000  0.00000000       2      2     -3       0.24921195E+02
  0.00100000  0.00000000  0.00000000       2      2      3       0.24921195E+02
  0.00100000  0.00000000  0.00000000      -1      1     -5       0.23309475E+02
  0.00100000  0.00000000  0.00000000      -1      1      5       0.23309475E+02
  0.00100000  0.00000000  0.00000000       1     -1     -5       0.23281981E+02
  0.00100000  0.00000000  0.00000000       1     -1      5       0.23281981E+02
  0.00100000  0.00000000  0.00000000      -2     -1     -5       0.23309475E+02
  0.00100000  0.00000000  0.00000000      -2     -1      5       0.23309475E+02
  0.00100000  0.00000000  0.00000000       2      1     -5       0.23281981E+02
  0.00100000  0.00000000  0.00000000       2      1      5       0.23281981E+02
  0.00100000  0.00000000  0.00000000      -1     -2     -5       0.23295720E+02
  0.00100000  0.00000000  0.00000000      -1     -2      5       0.23295720E+02
  0.00100000  0.00000000  0.00000000       1      2     -5       0.23295720E+02
  0.00100000  0.00000000  0.00000000       1      2      5       0.23295720E+02
  0.00100000  0.00000000  0.00000000      -1      0     -7       0.23303607E+02
  0.00100000  0.00000000  0.00000000      -1      0      7       0.23303607E+02
  0.00100000  0.00000000  0.00000000       1      0     -7       0.23285270E+02
  0.00100000  0.00000000  0.00000000       1      0      7       0.23285270E+02
  0.00100000  0.00000000  0.00000000       0     -1     -7       0.23289851E+02
  0.00100000  0.00000000  0.00000000       0     -1      7       0.23289851E+02
  0.00100000  0.00000000  0.00000000       0      1     -7       0.23299020E+02
  0.00100000  0.00000000  0.00000000       0      1      7       0.23299020E+02
  0.00100000  0.00000000  0.00000000      -1     -1     -7       0.23299020E+02
  0.00100000  0.00000000  0.00000000      -1     -1      7       0.23299020E+02
  0.00100000  0.00000000  0.00000000       1      1     -7       0.23289851E+02
  0.00100000  0.00000000  0.00000000       1      1      7       0.23289851E+02
  0.00100000  0.00000000  0.00000000      -2      0     -4       0.22221065E+02
  0.00100000  0.00000000  0.00000000      -2      0      4       0.22221065E+02
  0.00100000  0.00000000  0.00000000       2      0     -4       0.22187760E+02
  0.00100000  0.00000000  0.00000000       2      0      4       0.22187760E+02
  0.00100000  0.00000000  0.00000000       0     -2     -4       0.22196077E+02
  0.00100000  0.00000000  0.00000000       0     -2      4       0.22196077E+02
  0.00100000  0.00000000  0.00000000       0      2     -4       0.22212730E+02
  0.00100000  0.00000000  0.00000000       0      2      4       0.22212730E+02
  0.00100000  0.00000000  0.00000000      -2     -2     -4       0.22212730E+02
  0.00100000  0.00000000  0.00000000      -2     -2      4       0.22212730E+02
  0.00100000  0.00000000  0.00000000       2      2     -4       0.22196077E+02
  0.00100000  0.00000000  0.00000000       2      2      4       0.22196077E+02
  0.00100000  0.00000000  0.00000000       0      0     -8       0.24027948E+00
  0.00100000  0.00000000  0.00000000       0      0      8       0.24027948E+00
  0.00100000  0.00000000  0.00000000      -1      1     -6       0.19746190E+02
  0.00100000  0.00000000  0.00000000      -1      1      6       0.19746190E+02
  0.00100000  0.00000000  0.00000000       1     -1     -6       0.19726455E+02
  0.00100000  0.00000000  0.00000000       1     -1      6       0.19726455E+02
  0.00100000  0.00000000  0.00000000      -2     -1     -6       0.19746190E+02
  0.00100000  0.00000000  0.00000000      -2     -1      6       0.19746190E+02
  0.00100000  0.00000000  0.00000000       2      1     -6       0.19726455E+02
  0.00100000  0.00000000  0.00000000       2      1      6       0.19726455E+02
  0.00100000  0.00000000  0.00000000      -1     -2     -6       0.19736317E+02
  0.00100000  0.00000000  0.00000000      -1     -2      6       0.19736317E+02
  0.00100000  0.00000000  0.00000000       1      2     -6       0.19736317E+02
  0.00100000  0.00000000  0.00000000       1      2      6       0.19736317E+02
  0.00100000  0.00000000  0.00000000      -2      0     -5       0.19479341E+02
  0.00100000  0.00000000  0.00000000      -2      0      5       0.19479341E+02
  0.00100000  0.00000000  0.00000000       2      0     -5       0.19453743E+02
  0.00100000  0.00000000  0.00000000       2      0      5       0.19453743E+02
  0.00100000  0.00000000  0.00000000       0     -2     -5       0.19460136E+02
  0.00100000  0.00000000  0.00000000       0     -2      5       0.19460136E+02
  0.00100000  0.00000000  0.00000000       0      2     -5       0.19472935E+02
  0.00100000  0.00000000  0.00000000       0      2      5       0.19472935E+02
  0.00100000  0.00000000  0.00000000      -2     -2     -5       0.19472935E+02
  0.00100000  0.00000000  0.00000000      -2     -2      5       0.19472935E+02
  0.00100000  0.00000000  0.00000000       2      2     -5       0.19460136E+02
  0.00100000  0.00000000  0.00000000       2      2      5       0.19460136E+02
  0.00100000  0.00000000  0.00000000      -1      0     -8       0.18701911E+02
  0.00100000  0.00000000  0.00000000      -1      0      8       0.18701911E+02
  0.00100000  0.00000000  0.00000000       1      0     -8       0.18690113E+02
  0.00100000  0.00000000  0.00000000       1      0      8       0.18690113E+02
  0.00100000  0.00000000  0.00000000       0     -1     -8       0.18693061E+02
  0.00100000  0.00000000  0.00000000       0     -1      8       0.18693061E+02
  0.00100000  0.00000000  0.00000000       0      1     -8       0.18698960E+02
  0.00100000  0.00000000  0.00000000       0      1      8       0.18698960E+02
  0.00100000  0.00000000  0.00000000      -1     -1     -8       0.18698960E+02
  0.00100000  0.00000000  0.00000000      -1     -1      8       0.18698960E+02
  0.00100000  0.00000000  0.00000000       1      1     -8       0.18693061E+02
  0.00100000  0.00000000  0.00000000       1      1      8       0.18693061E+02
  0.00100000  0.00000000  0.00000000       0      0     -9       0.34893639E+02
  0.00100000  0.00000000  0.00000000       0      0      9       0.34893639E+02
  0.00100000  0.00000000  0.00000000      -2      1      0       0.16930527E+02
  0.00100000  0.00000000  0.00000000       2     -1      0       0.16906358E+02
  0.00100000  0.00000000  0.00000000      -3     -1      0       0.16930527E+02
  0.00100000  0.00000000  0.00000000      -1      2      0       0.16928107E+02
  0.00100000  0.00000000  0.00000000       1     -2      0       0.16908772E+02
  0.00100000  0.00000000  0.00000000       3      1      0       0.16906358E+02
  0.00100000  0.00000000  0.00000000      -3     -2      0       0.16928107E+02
  0.00100000  0.00000000  0.00000000       3      2      0       0.16908772E+02
  0.00100000  0.00000000  0.00000000      -1     -3      0       0.16916018E+02
  0.00100000  0.00000000  0.00000000       1      3      0       0.16920851E+02
  0.00100000  0.00000000  0.00000000      -2     -3      0       0.16920851E+02
  0.00100000  0.00000000  0.00000000       2      3      0       0.16916018E+02
  0.00100000  0.00000000  0.00000000      -2      0     -6       0.16926743E+02
  0.00100000  0.00000000  0.00000000      -2      0      6       0.16926743E+02
  0.00100000  0.00000000  0.00000000       2      0     -6       0.16907411E+02
  0.00100000  0.00000000  0.00000000       2      0      6       0.16907411E+02
  0.00100000  0.00000000  0.00000000       0     -2     -6       0.16912239E+02
  0.00100000  0.00000000  0.00000000       0     -2      6       0.16912239E+02
  0.00100000  0.00000000  0.00000000       0      2     -6       0.16921906E+02
  0.00100000  0.00000000  0.00000000       0      2      6       0.16921906E+02
  0.00100000  0.00000000  0.00000000      -2     -2     -6       0.16921906E+02
  0.00100000  0.00000000  0.00000000      -2     -2      6       0.16921906E+02
  0.00100000  0.00000000  0.00000000       2      2     -6       0.16912239E+02
  0.00100000  0.00000000  0.00000000       2      2      6       0.16912239E+02
  0.00100000  0.00000000  0.00000000      -2      1     -1       0.16731167E+02
  0.00100000  0.00000000  0.00000000      -2      1      1       0.16731167E+02
  0.00100000  0.00000000  0.00000000       2     -1     -1       0.16707563E+02
  0.00100000  0.00000000  0.00000000       2     -1      1       0.16707563E+02
  0.00100000  0.00000000  0.00000000      -3     -1     -1       0.16731167E+02
  0.00100000  0.00000000  0.00000000      -3     -1      1       0.16731167E+02
  0.00100000  0.00000000  0.00000000      -1      2     -1       0.16728804E+02
  0.00100000  0.00000000  0.00000000      -1      2      1       0.16728804E+02
  0.00100000  0.00000000  0.00000000       1     -2     -1       0.16709921E+02
  0.00100000  0.00000000  0.00000000       1     -2      1       0.16709921E+02
  0.00100000  0.00000000  0.00000000       3      1     -1       0.16707563E+02
  0.00100000  0.00000000  0.00000000       3      1      1       0.16707563E+02
  0.00100000  0.00000000  0.00000000      -3     -2     -1       0.16728804E+02
  0.00100000  0.00000000  0.00000000      -3     -2      1       0.16728804E+02
  0.00100000  0.00000000  0.00000000       3      2     -1       0.16709921E+02
  0.00100000  0.00000000  0.00000000       3      2      1       0.16709921E+02
  0.00100000  0.00000000  0.00000000      -1     -3     -1       0.16716997E+02
  0.00100000  0.00000000  0.00000000      -1     -3      1       0.16716997E+02
  0.00100000  0.00000000  0.00000000       1      3     -1       0.16721718E+02
  0.00100000  0.00000000  0.00000000       1      3      1       0.16721718E+02
  0.00100000  0.00000000  0.00000000      -2     -3     -1       0.16721718E+02
  0.00100000  0.00000000  0.00000000      -2     -3      1       0.16721718E+02
  0.00100000  0.00000000  0.00000000       2      3     -1       0.16716997E+02
  0.00100000  0.00000000  0.00000000       2      3      1       0.16716997E+02
  0.00100000  0.00000000  0.00000000      -1      1     -7       0.16724665E+02
  0.00100000  0.00000000  0.00000000      -1      1      7       0.16724665E+02
  0.00100000  0.00000000  0.00000000       1     -1     -7       0.16710505E+02
  0.00100000  0.00000000  0.00000000       1     -1      7       0.16710505E+02
  0.00100000  0.00000000  0.00000000      -2     -1     -7       0.16724665E+02
  0.00100000  0.00000000  0.00000000      -2     -1      7       0.16724665E+02
  0.00100000  0.00000000  0.00000000       2      1     -7       0.16710505E+02
  0.00100000  0.00000000  0.00000000       2      1      7       0.16710505E+02
  0.00100000  0.00000000  0.00000000      -1     -2     -7       0.16717582E+02
  0.00100000  0.00000000  0.00000000      -1     -2      7       0.16717582E+02
  0.00100000  0.00000000  0.00000000       1      2     -7       0.16717582E+02
  0.00100000  0.00000000  0.00000000       1      2      7       0.16717582E+02
  0.00100000  0.00000000  0.00000000      -2      1     -2       0.16160295E+02
  0.00100000  0.00000000  0.00000000      -2      1      2       0.16160295E+02
  0.00100000  0.00000000  0.00000000       2     -1     -2       0.16138273E+02
  0.00100000  0.00000000  0.00000000       2     -1      2       0.16138273E+02
  0.00100000  0.00000000  0.00000000      -3     -1     -2       0.16160295E+02
  0.00100000  0.00000000  0.00000000      -3     -1      2       0.16160295E+02
  0.00100000  0.00000000  0.00000000      -1      2     -2       0.16158090E+02
  0.00100000  0.00000000  0.00000000      -1      2      2       0.16158090E+02
  0.00100000  0.00000000  0.00000000       1     -2     -2       0.16140473E+02
  0.00100000  0.00000000  0.00000000       1     -2      2       0.16140473E+02
  0.00100000  0.00000000  0.00000000       3      1     -2       0.16138273E+02
  0.00100000  0.00000000  0.00000000       3      1      2       0.16138273E+02
  0.00100000  0.00000000  0.00000000      -3     -2     -2       0.16158090E+02
  0.00100000  0.00000000  0.00000000      -3     -2      2       0.16158090E+02
  0.00100000  0.00000000  0.00000000       3      2     -2       0.16140473E+02
  0.00100000  0.00000000  0.00000000       3      2      2       0.16140473E+02
  0.00100000  0.00000000  0.00000000      -1     -3     -2       0.16147075E+02
  0.00100000  0.00000000  0.00000000      -1     -3      2       0.16147075E+02
  0.00100000  0.00000000  0.00000000       1      3     -2       0.16151479E+02
  0.00100000  0.00000000  0.00000000       1      3      2       0.16151479E+02
  0.00100000  0.00000000  0.00000000      -2     -3     -2       0.16151479E+02
  0.00100000  0.00000000  0.00000000      -2     -3      2       0.16151479E+02
  0.00100000  0.00000000  0.00000000       2      3     -2       0.16147075E+02
  0.00100000  0.00000000  0.00000000       2      3      2       0.16147075E+02
  0.00100000  0.00000000  0.00000000      -2      1     -3       0.15290753E+02
  0.00100000  0.00000000  0.00000000      -2      1      3       0.15290753E+02
  0.00100000  0.00000000  0.00000000       2     -1     -3       0.15271036E+02
  0.00100000  0.00000000  0.00000000       2     -1      3       0.15271036E+02
  0.00100000  0.00000000  0.00000000      -3     -1     -3       0.15290753E+02
  0.00100000  0.00000000  0.00000000      -3     -1      3       0.15290753E+02
  0.00100000  0.00000000  0.00000000      -1      2     -3       0.15288779E+02
  0.00100000  0.00000000  0.00000000      -1      2      3       0.15288779E+02
  0.00100000  0.00000000  0.00000000       1     -2     -3       0.15273006E+02
  0.00100000  0.00000000  0.00000000       1     -2      3       0.15273006E+02
  0.00100000  0.00000000  0.00000000       3      1     -3       0.15271036E+02
  0.00100000  0.00000000  0.00000000       3      1      3       0.15271036E+02
  0.00100000  0.00000000  0.00000000      -3     -2     -3       0.15288779E+02
  0.00100000  0.00000000  0.00000000      -3     -2      3       0.15288779E+02
  0.00100000  0.00000000  0.00000000       3      2     -3       0.15273006E+02
  0.00100000  0.00000000  0.00000000       3      2      3       0.15273006E+02
  0.00100000  0.00000000  0.00000000      -1     -3     -3       0.15278917E+02
  0.00100000  0.00000000  0.00000000      -1     -3      3       0.15278917E+02
  0.00100000  0.00000000  0.00000000       1      3     -3       0.15282860E+02
  0.00100000  0.00000000  0.00000000       1      3      3       0.15282860E+02
  0.00100000  0.00000000  0.00000000      -2     -3     -3       0.15282860E+02
  0.00100000  0.00000000  0.00000000      -2     -3      3       0.15282860E+02
  0.00100000  0.00000000  0.00000000       2      3     -3       0.15278917E+02
  0.00100000  0.00000000  0.00000000       2      3      3       0.15278917E+02
  0.00100000  0.00000000  0.00000000      -1      0     -9       0.15282898E+02
  0.00100000  0.00000000  0.00000000      -1      0      9       0.15282898E+02
  0.00100000  0.00000000  0.00000000       1      0     -9       0.15275008E+02
  0.00100000  0.00000000  0.00000000       1      0      9       0.15275008E+02
  0.00100000  0.00000000  0.00000000       0     -1     -9       0.15276980E+02
  0.00100000  0.00000000  0.00000000       0     -1      9       0.15276980E+02
  0.00100000  0.00000000  0.00000000       0      1     -9       0.15280925E+02
  0.00100000  0.00000000  0.00000000       0      1      9       0.15280925E+02
  0.00100000  0.00000000  0.00000000      -1     -1     -9       0.15280925E+02
  0.00100000  0.00000000  0.00000000      -1     -1      9       0.15280925E+02
  0.00100000  0.00000000  0.00000000       1      1     -9       0.15276980E+02
  0.00100000  0.00000000  0.00000000       1      1      9       0.15276980E+02
  0.00100000  0.00000000  0.00000000      -2      0     -7       0.14656876E+02
  0.00100000  0.00000000  0.00000000      -2      0      7       0.14656876E+02
  0.00100000  0.00000000  0.00000000       2      0     -7       0.14642379E+02
  0.00100000  0.00000000  0.00000000       2      0      7       0.14642379E+02
  0.00100000  0.00000000  0.00000000       0     -2     -7       0.14646001E+02
  0.00100000  0.00000000  0.00000000       0     -2      7       0.14646001E+02
  0.00100000  0.00000000  0.00000000       0      2     -7       0.14653249E+02
  0.00100000  0.00000000  0.00000000       0      2      7       0.14653249E+02
  0.00100000  0.00000000  0.00000000      -2     -2     -7       0.14653249E+02
  0.00100000  0.00000000  0.00000000      -2     -2      7       0.14653249E+02
  0.00100000  0.00000000  0.00000000       2      2     -7       0.14646001E+02
  0.00100000  0.00000000  0.00000000       2      2      7       0.14646001E+02
  0.00100000  0.00000000  0.00000000      -2      1     -4       0.14219589E+02
  0.00100000  0.00000000  0.00000000      -2      1      4       0.14219589E+02
  0.00100000  0.00000000  0.00000000       2     -1     -4       0.14202536E+02
  0.00100000  0.00000000  0.00000000       2     -1      4       0.14202536E+02
  0.00100000  0.00000000  0.00000000      -3     -1     -4       0.14219589E+02
  0.00100000  0.00000000  0.00000000      -3     -1      4       0.14219589E+02
  0.00100000  0.00000000  0.00000000      -1      2     -4       0.14217882E+02
  0.00100000  0.00000000  0.00000000      -1      2      4       0.14217882E+02
  0.00100000  0.00000000  0.00000000       1     -2     -4       0.14204240E+02
  0.00100000  0.00000000  0.00000000       1     -2      4       0.14204240E+02
  0.00100000  0.00000000  0.00000000       3      1     -4       0.14202536E+02
  0.00100000  0.00000000  0.00000000       3      1      4       0.14202536E+02
  0.00100000  0.00000000  0.00000000      -3     -2     -4       0.14217882E+02
  0.00100000  0.00000000  0.00000000      -3     -2      4       0.14217882E+02
  0.00100000  0.00000000  0.00000000       3      2     -4       0.14204240E+02
  0.00100000  0.00000000  0.00000000       3      2      4       0.14204240E+02
  0.00100000  0.00000000  0.00000000      -1     -3     -4       0.14209352E+02
  0.00100000  0.00000000  0.00000000      -1     -3      4       0.14209352E+02
  0.00100000  0.00000000  0.00000000       1      3     -4       0.14212763E+02
  0.00100000  0.00000000  0.00000000       1      3      4       0.14212763E+02
  0.00100000  0.00000000  0.00000000      -2     -3     -4       0.14212763E+02
  0.00100000  0.00000000  0.00000000      -2     -3      4       0.14212763E+02
  0.00100000  0.00000000  0.00000000       2      3     -4       0.14209352E+02
  0.00100000  0.00000000  0.00000000       2      3      4       0.14209352E+02
  0.00100000  0.00000000  0.00000000      -1      1     -8       0.14214892E+02
  0.00100000  0.00000000  0.00000000      -1      1      8       0.14214892E+02
  0.00100000  0.00000000  0.00000000       1     -1     -8       0.14204662E+02
  0.00100000  0.00000000  0.00000000       1     -1      8       0.14204662E+02
  0.00100000  0.00000000  0.00000000      -2     -1     -8       0.14214892E+02
  0.00100000  0.00000000  0.00000000      -2     -1      8       0.14214892E+02
  0.00100000  0.00000000  0.00000000       2      1     -8       0.14204662E+02
  0.00100000  0.00000000  0.00000000       2      1      8       0.14204662E+02
  0.00100000  0.00000000  0.00000000      -1     -2     -8       0.14209775E+02
  0.00100000  0.00000000  0.00000000      -1     -2      8       0.14209775E+02
  0.00100000  0.00000000  0.00000000       1      2     -8       0.14209775E+02
  0.00100000  0.00000000  0.00000000       1      2      8       0.14209775E+02
  0.00100000  0.00000000  0.00000000       0      0    -10       0.15377888E+00
  0.00100000  0.00000000  0.00000000       0      0     10       0.15377888E+00
  0.00100000  0.00000000  0.00000000      -3      0      0       0.13167561E+02
  0.00100000  0.00000000  0.00000000       3      0      0       0.13150016E+02
  0.00100000  0.00000000  0.00000000       0     -3      0       0.13154398E+02
  0.00100000  0.00000000  0.00000000       0      3      0       0.13163170E+02
  0.00100000  0.00000000  0.00000000      -3     -3      0       0.13163170E+02
  0.00100000  0.00000000  0.00000000       3      3      0       0.13154398E+02
  0.00100000  0.00000000  0.00000000      -3      0     -1       0.13046655E+02
  0.00100000  0.00000000  0.00000000      -3      0      1       0.13046655E+02
  0.00100000  0.00000000  0.00000000       3      0     -1       0.13029431E+02
  0.00100000  0.00000000  0.00000000       3      0      1       0.13029431E+02
  0.00100000  0.00000000  0.00000000       0     -3     -1       0.13033733E+02
  0.00100000  0.00000000  0.00000000       0     -3      1       0.13033733E+02
  0.00100000  0.00000000  0.00000000       0      3     -1       0.13042345E+02
  0.00100000  0.00000000  0.00000000       0      3      1       0.13042345E+02
  0.00100000  0.00000000  0.00000000      -3     -3     -1       0.13042345E+02
  0.00100000  0.00000000  0.00000000      -3     -3      1       0.13042345E+02
  0.00100000  0.00000000  0.00000000       3      3     -1       0.13033733E+02
  0.00100000  0.00000000  0.00000000       3      3      1       0.13033733E+02
  0.00100000  0.00000000  0.00000000      -2      1     -5       0.13044678E+02
  0.00100000  0.00000000  0.00000000      -2      1      5       0.13044678E+02
  0.00100000  0.00000000  0.00000000       2     -1     -5       0.13030325E+02
  0.00100000  0.00000000  0.00000000       2     -1      5       0.13030325E+02
  0.00100000  0.00000000  0.00000000      -3     -1     -5       0.13044678E+02
  0.00100000  0.00000000  0.00000000      -3     -1      5       0.13044678E+02
  0.00100000  0.00000000  0.00000000      -1      2     -5       0.13043241E+02
  0.00100000  0.00000000  0.00000000      -1      2      5       0.13043241E+02
  0.00100000  0.00000000  0.00000000       1     -2     -5       0.13031759E+02
  0.00100000  0.00000000  0.00000000       1     -2      5       0.13031759E+02
  0.00100000  0.00000000  0.00000000       3      1     -5       0.13030325E+02
  0.00100000  0.00000000  0.00000000       3      1      5       0.13030325E+02
  0.00100000  0.00000000  0.00000000      -3     -2     -5       0.13043241E+02
  0.00100000  0.00000000  0.00000000      -3     -2      5       0.13043241E+02
  0.00100000  0.00000000  0.00000000       3      2     -5       0.13031759E+02
  0.00100000  0.00000000  0.00000000       3      2      5       0.13031759E+02
  0.00100000  0.00000000  0.00000000      -1     -3     -5       0.13036063E+02
  0.00100000  0.00000000  0.00000000      -1     -3      5       0.13036063E+02
  0.00100000  0.00000000  0.00000000       1      3     -5       0.13038933E+02
  0.00100000  0.00000000  0.00000000       1      3      5       0.13038933E+02
  0.00100000  0.00000000  0.00000000      -2     -3     -5       0.13038933E+02
  0.00100000  0.00000000  0.00000000      -2     -3      5       0.13038933E+02
  0.00100000  0.00000000  0.00000000       2      3     -5       0.13036063E+02
  0.00100000  0.00000000  0.00000000       2      3      5       0.13036063E+02
  0.00100000  0.00000000  0.00000000      -3      0     -2       0.12696903E+02
  0.00100000  0.00000000  0.00000000      -3      0      2       0.12696903E+02
  0.00100000  0.00000000  0.00000000       3      0     -2       0.12680589E+02
  0.00100000  0.00000000  0.00000000       3      0      2       0.12680589E+02
  0.00100000  0.00000000  0.00000000       0     -3     -2       0.12684664E+02
  0.00100000  0.00000000  0.00000000       0     -3      2       0.12684664E+02
  0.00100000  0.00000000  0.00000000       0      3     -2       0.12692821E+02
  0.00100000  0.00000000  0.00000000       0      3      2       0.12692821E+02
  0.00100000  0.00000000  0.00000000      -3     -3     -2       0.12692821E+02
  0.00100000  0.00000000  0.00000000      -3     -3      2       0.12692821E+02
  0.00100000  0.00000000  0.00000000       3      3     -2       0.12684664E+02
  0.00100000  0.00000000  0.00000000       3      3      2       0.12684664E+02
  0.00100000  0.00000000  0.00000000      -2      0     -8       0.12692902E+02
  0.00100000  0.00000000  0.00000000      -2      0      8       0.12692902E+02
  0.00100000  0.00000000  0.00000000       2      0     -8       0.12682029E+02
  0.00100000  0.00000000  0.00000000       2      0      8       0.12682029E+02
  0.00100000  0.00000000  0.00000000       0     -2     -8       0.12684745E+02
  0.00100000  0.00000000  0.00000000       0     -2      8       0.12684745E+02
  0.00100000  0.00000000  0.00000000       0      2     -8       0.12690182E+02
  0.00100000  0.00000000  0.00000000       0      2      8       0.12690182E+02
  0.00100000  0.00000000  0.00000000      -2     -2     -8       0.12690182E+02
  0.00100000  0.00000000  0.00000000      -2     -2      8       0.12690182E+02
  0.00100000  0.00000000  0.00000000       2      2     -8       0.12684745E+02
  0.00100000  0.00000000  0.00000000       2      2      8       0.12684745E+02
  0.00100000  0.00000000  0.00000000      -1      0    -10       0.12689174E+02
  0.00100000  0.00000000  0.00000000      -1      0     10       0.12689174E+02
  0.00100000  0.00000000  0.00000000       1      0    -10       0.12683743E+02
  0.00100000  0.00000000  0.00000000       1      0     10       0.12683743E+02
  0.00100000  0.00000000  0.00000000       0     -1    -10       0.12685100E+02
  0.00100000  0.00000000  0.00000000       0     -1     10       0.12685100E+02
  0.00100000  0.00000000  0.00000000       0      1    -10       0.12687816E+02
  0.00100000  0.00000000  0.00000000       0      1     10       0.12687816E+02
  0.00100000  0.00000000  0.00000000      -1     -1    -10       0.12687816E+02
  0.00100000  0.00000000  0.00000000      -1     -1     10       0.12687816E+02
  0.00100000  0.00000000  0.00000000       1      1    -10       0.12685100E+02
  0.00100000  0.00000000  0.00000000       1      1     10       0.12685100E+02
