  0.33333333  0.66666667  0.00000000       0     -1      0       0.35462330E+03
  0.33333333  0.66666667  0.00000000      -1     -1      0       0.35462330E+03
  0.33333333  0.66666667  0.00000000       0      0      0       0.35462330E+03
  0.33333333  0.66666667  0.00000000       0     -1     -1       0.28475012E+03
  0.33333333  0.66666667  0.00000000       0     -1      1       0.28475012E+03
  0.33333333  0.66666667  0.00000000      -1     -1     -1       0.28475012E+03
  0.33333333  0.66666667  0.00000000      -1     -1      1       0.28475012E+03
  0.33333333  0.66666667  0.00000000       0      0     -1       0.28475012E+03
  0.33333333  0.66666667  0.00000000       0      0      1       0.28475012E+03
  0.33333333  0.66666667  0.00000000       0     -1     -2       0.17729498E+03
  0.33333333  0.66666667  0.00000000       0     -1      2       0.17729498E+03
  0.33333333  0.66666667  0.00000000      -1     -1     -2       0.17729498E+03
  0.33333333  0.66666667  0.00000000      -1     -1      2       0.17729498E+03
  0.33333333  0.66666667  0.00000000       0      0     -2       0.17729498E+03
  0.33333333  0.66666667  0.00000000       0      0      2       0.17729498E+03
  0.33333333  0.66666667  0.00000000       0     -1     -3       0.10950914E+03
  0.33333333  0.66666667  0.00000000       0     -1      3       0.10950914E+03
  0.33333333  0.66666667  0.00000000      -1     -1     -3       0.10950914E+03
  0.33333333  0.66666667  0.00000000      -1     -1      3       0.10950914E+03
  0.33333333  0.66666667  0.00000000       0      0     -3       0.10950914E+03
  0.33333333  0.66666667  0.00000000       0      0      3       0.10950914E+03
  0.33333333  0.66666667  0.00000000       1      0      0       0.88821482E+02
  0.33333333  0.66666667  0.00000000      -1     -2      0       0.88821482E+02
  0.33333333  0.66666667  0.00000000      -1      0      0       0.88821482E+02
  0.33333333  0.66666667  0.00000000       1      0     -1       0.83596348E+02
  0.33333333  0.66666667  0.00000000       1      0      1       0.83596348E+02
  0.33333333  0.66666667  0.00000000      -1     -2     -1       0.83596348E+02
  0.33333333  0.66666667  0.00000000      -1     -2      1       0.83596348E+02
  0.33333333  0.66666667  0.00000000      -1      0     -1       0.83596348E+02
  0.33333333  0.66666667  0.00000000      -1      0      1       0.83596348E+02
  0.33333333  0.66666667  0.00000000       1      0     -2       0.71054514E+02
  0.33333333  0.66666667  0.00000000       1      0      2       0.71054514E+02
  0.33333333  0.66666667  0.00000000      -1     -2     -2       0.71054514E+02
  0.33333333  0.66666667  0.00000000      -1     -2      2       0.71054514E+02
  0.33333333  0.66666667  0.00000000      -1      0     -2       0.71054514E+02
  0.33333333  0.66666667  0.00000000      -1      0      2       0.71054514E+02
  0.33333333  0.66666667  0.00000000       0     -1     -4       0.70913994E+02
  0.33333333  0.66666667  0.00000000       0     -1      4       0.70913994E+02
  0.33333333  0.66666667  0.00000000      -1     -1     -4       0.70913994E+02
  0.33333333  0.66666667  0.00000000      -1     -1      4       0.70913994E+02
  0.33333333  0.66666667  0.00000000       0      0     -4       0.70913994E+02
  0.33333333  0.66666667  0.00000000       0      0      4       0.70913994E+02
  0.33333333  0.66666667  0.00000000       1      0     -3       0.56842298E+02
  0.33333333  0.66666667  0.00000000       1      0      3       0.56842298E+02
  0.33333333  0.66666667  0.00000000      -1     -2     -3       0.56842298E+02
  0.33333333  0.66666667  0.00000000      -1     -2      3       0.56842298E+02
  0.33333333  0.66666667  0.00000000      -1      0     -3       0.56842298E+02
  0.33333333  0.66666667  0.00000000      -1      0      3       0.56842298E+02
  0.33333333  0.66666667  0.00000000       1     -1      0       0.50755307E+02
  0.33333333  0.66666667  0.00000000       0     -2      0       0.50755307E+02
  0.33333333  0.66666667  0.00000000      -2     -2      0       0.50755307E+02
  0.33333333  0.66666667  0.00000000       1      1      0       0.50755307E+02
  0.33333333  0.66666667  0.00000000      -2     -1      0       0.50755307E+02
  0.33333333  0.66666667  0.00000000       0      1      0       0.50755307E+02
  0.33333333  0.66666667  0.00000000       1     -1     -1       0.49004812E+02
  0.33333333  0.66666667  0.00000000       1     -1      1       0.49004812E+02
  0.33333333  0.66666667  0.00000000       0     -2     -1       0.49004812E+02
  0.33333333  0.66666667  0.00000000       0     -2      1       0.49004812E+02
  0.33333333  0.66666667  0.00000000      -2     -2     -1       0.49004812E+02
  0.33333333  0.66666667  0.00000000      -2     -2      1       0.49004812E+02
  0.33333333  0.66666667  0.00000000       1      1     -1       0.49004812E+02
  0.33333333  0.66666667  0.00000000       1      1      1       0.49004812E+02
  0.33333333  0.66666667  0.00000000      -2     -1     -1       0.49004812E+02
  0.33333333  0.66666667  0.00000000      -2     -1      1       0.49004812E+02
  0.33333333  0.66666667  0.00000000       0      1     -1       0.49004812E+02
  0.33333333  0.66666667  0.00000000       0      1      1       0.49004812E+02
  0.33333333  0.66666667  0.00000000       0     -1     -5       0.49088739E+02
  0.33333333  0.66666667  0.00000000       0     -1      5       0.49088739E+02
  0.33333333  0.66666667  0.00000000      -1     -1     -5       0.49088739E+02
  0.33333333  0.66666667  0.00000000      -1     -1      5       0.49088739E+02
  0.33333333  0.66666667  0.00000000       0      0     -5       0.49088739E+02
  0.33333333  0.66666667  0.00000000       0      0      5       0.49088739E+02
  0.33333333  0.66666667  0.00000000       1     -1     -2       0.44409850E+02
  0.33333333  0.66666667  0.00000000       1     -1      2       0.44409850E+02
  0.33333333  0.66666667  0.00000000       0     -2     -2       0.44409850E+02
  0.33333333  0.66666667  0.00000000       0     -2      2       0.44409850E+02
  0.33333333  0.66666667  0.00000000      -2     -2     -2       0.44409850E+02
  0.33333333  0.66666667  0.00000000      -2     -2      2       0.44409850E+02
  0.33333333  0.66666667  0.00000000       1      1     -2       0.44409850E+02
  0.33333333  0.66666667  0.00000000       1      1      2       0.44409850E+02
  0.33333333  0.66666667  0.00000000      -2     -1     -2       0.44409850E+02
  0.33333333  0.66666667  0.00000000      -2     -1      2       0.44409850E+02
  0.33333333  0.66666667  0.00000000       0      1     -2       0.44409850E+02
  0.33333333  0.66666667  0.00000000       0      1      2       0.44409850E+02
  0.33333333  0.66666667  0.00000000       1      0     -4       0.44406567E+02
  0.33333333  0.66666667  0.00000000       1      0      4       0.44406567E+02
  0.33333333  0.66666667  0.00000000      -1     -2     -4       0.44406567E+02
  0.33333333  0.66666667  0.00000000      -1     -2      4       0.44406567E+02
  0.33333333  0.66666667  0.00000000      -1      0     -4       0.44406567E+02
  0.33333333  0.66666667  0.00000000      -1      0      4       0.44406567E+02
  0.33333333  0.66666667  0.00000000       1     -1     -3       0.38407670E+02
  0.33333333  0.66666667  0.00000000       1     -1      3       0.38407670E+02
  0.33333333  0.66666667  0.00000000       0     -2     -3       0.38407670E+02
  0.33333333  0.66666667  0.00000000       0     -2      3       0.38407670E+02
  0.33333333  0.66666667  0.00000000      -2     -2     -3       0.38407670E+02
  0.33333333  0.66666667  0.00000000      -2     -2      3       0.38407670E+02
  0.33333333  0.66666667  0.00000000       1      1     -3       0.38407670E+02
  0.33333333  0.66666667  0.00000000       1      1      3       0.38407670E+02
  0.33333333  0.66666667  0.00000000      -2     -1     -3       0.38407670E+02
  0.33333333  0.66666667  0.00000000      -2     -1      3       0.38407670E+02
  0.33333333  0.66666667  0.00000000       0      1     -3       0.38407670E+02
  0.33333333  0.66666667  0.00000000       0      1      3       0.38407670E+02
  0.33333333  0.66666667  0.00000000       0     -1     -6       0.35456331E+02
  0.33333333  0.66666667  0.00000000       0     -1      6       0.35456331E+02
  0.33333333  0.66666667  0.00000000      -1     -1     -6       0.35456331E+02
  0.33333333  0.66666667  0.00000000      -1     -1      6       0.35456331E+02
  0.33333333  0.66666667  0.00000000       0      0     -6       0.35456331E+02
  0.33333333  0.66666667  0.00000000       0      0      6       0.35456331E+02
  0.33333333  0.66666667  0.00000000       1      0     -5       0.34658311E+02
  0.33333333  0.66666667  0.00000000       1      0      5       0.34658311E+02
  0.33333333  0.66666667  0.00000000      -1     -2     -5       0.34658311E+02
  0.33333333  0.66666667  0.00000000      -1     -2      5       0.34658311E+02
  0.33333333  0.66666667  0.00000000      -1      0     -5       0.34658311E+02
  0.33333333  0.66666667  0.00000000      -1      0      5       0.34658311E+02
  0.33333333  0.66666667  0.00000000       1     -1     -4       0.32296624E+02
  0.33333333  0.66666667  0.00000000       1     -1      4       0.32296624E+02
  0.33333333  0.66666667  0.00000000       0     -2     -4       0.32296624E+02
  0.33333333  0.66666667  0.00000000       0     -2      4       0.32296624E+02
  0.33333333  0.66666667  0.00000000      -2     -2     -4       0.32296624E+02
  0.33333333  0.66666667  0.00000000      -2     -2      4       0.32296624E+02
  0.33333333  0.66666667  0.00000000       1      1     -4       0.32296624E+02
  0.33333333  0.66666667  0.00000000       1      1      4       0.32296624E+02
  0.33333333  0.66666667  0.00000000      -2     -1     -4       0.32296624E+02
  0.33333333  0.66666667  0.00000000      -2     -1      4       0.32296624E+02
  0.33333333  0.66666667  0.00000000       0      1     -4       0.32296624E+02
  0.33333333  0.66666667  0.00000000       0      1      4       0.32296624E+02
  0.33333333  0.66666667  0.00000000       2      0      0       0.27329782E+02
  0.33333333  0.66666667  0.00000000      -1     -3      0       0.27329782E+02
  0.33333333  0.66666667  0.00000000       2      1      0       0.27329782E+02
  0.33333333  0.66666667  0.00000000      -2     -3      0       0.27329782E+02
  0.33333333  0.66666667  0.00000000      -2      0      0       0.27329782E+02
  0.33333333  0.66666667  0.00000000      -1      1      0       0.27329782E+02
  0.33333333  0.66666667  0.00000000       1      0     -6       0.27326130E+02
  0.33333333  0.66666667  0.00000000       1      0      6       0.27326130E+02
  0.33333333  0.66666667  0.00000000      -1     -2     -6       0.27326130E+02
  0.33333333  0.66666667  0.00000000      -1     -2      6       0.27326130E+02
  0.33333333  0.66666667  0.00000000      -1      0     -6       0.27326130E+02
  0.33333333  0.66666667  0.00000000      -1      0      6       0.27326130E+02
  0.33333333  0.66666667  0.00000000       2      0     -1       0.26814031E+02
  0.33333333  0.66666667  0.00000000       2      0      1       0.26814031E+02
  0.33333333  0.66666667  0.00000000      -1     -3     -1       0.26814031E+02
  0.33333333  0.66666667  0.00000000      -1     -3      1       0.26814031E+02
  0.33333333  0.66666667  0.00000000       2      1     -1       0.26814031E+02
  0.33333333  0.66666667  0.00000000       2      1      1       0.26814031E+02
  0.33333333  0.66666667  0.00000000      -2     -3     -1       0.26814031E+02
  0.33333333  0.66666667  0.00000000      -2     -3      1       0.26814031E+02
  0.33333333  0.66666667  0.00000000      -2      0     -1       0.26814031E+02
  0.33333333  0.66666667  0.00000000      -2      0      1       0.26814031E+02
  0.33333333  0.66666667  0.00000000      -1      1     -1       0.26814031E+02
  0.33333333  0.66666667  0.00000000      -1      1      1       0.26814031E+02
  0.33333333  0.66666667  0.00000000       1     -1     -5       0.26811750E+02
  0.33333333  0.66666667  0.00000000       1     -1      5       0.26811750E+02
  0.33333333  0.66666667  0.00000000       0     -2     -5       0.26811750E+02
  0.33333333  0.66666667  0.00000000       0     -2      5       0.26811750E+02
  0.33333333  0.66666667  0.00000000      -2     -2     -5       0.26811750E+02
  0.33333333  0.66666667  0.00000000      -2     -2      5       0.26811750E+02
  0.33333333  0.66666667  0.00000000       1      1     -5       0.26811750E+02
  0.33333333  0.66666667  0.00000000       1      1      5       0.26811750E+02
  0.33333333  0.66666667  0.00000000      -2     -1     -5       0.26811750E+02
  0.33333333  0.66666667  0.00000000      -2     -1      5       0.26811750E+02
  0.33333333  0.66666667  0.00000000       0      1     -5       0.26811750E+02
  0.33333333  0.66666667  0.00000000       0      1      5       0.26811750E+02
  0.33333333  0.66666667  0.00000000       0     -1     -7       0.26859561E+02
  0.33333333  0.66666667  0.00000000       0     -1      7       0.26859561E+02
  0.33333333  0.66666667  0.00000000      -1     -1     -7       0.26859561E+02
  0.33333333  0.66666667  0.00000000      -1     -1      7       0.26859561E+02
  0.33333333  0.66666667  0.00000000       0      0     -7       0.26859561E+02
  0.33333333  0.66666667  0.00000000       0      0      7       0.26859561E+02
  0.33333333  0.66666667  0.00000000       2      0     -2       0.25377314E+02
  0.33333333  0.66666667  0.00000000       2      0      2       0.25377314E+02
  0.33333333  0.66666667  0.00000000      -1     -3     -2       0.25377314E+02
  0.33333333  0.66666667  0.00000000      -1     -3      2       0.25377314E+02
  0.33333333  0.66666667  0.00000000       2      1     -2       0.25377314E+02
  0.33333333  0.66666667  0.00000000       2      1      2       0.25377314E+02
  0.33333333  0.66666667  0.00000000      -2     -3     -2       0.25377314E+02
  0.33333333  0.66666667  0.00000000      -2     -3      2       0.25377314E+02
  0.33333333  0.66666667  0.00000000      -2      0     -2       0.25377314E+02
  0.33333333  0.66666667  0.00000000      -2      0      2       0.25377314E+02
  0.33333333  0.66666667  0.00000000      -1      1     -2       0.25377314E+02
  0.33333333  0.66666667  0.00000000      -1      1      2       0.25377314E+02
  0.33333333  0.66666667  0.00000000       2      0     -3       0.23296873E+02
  0.33333333  0.66666667  0.00000000       2      0      3       0.23296873E+02
  0.33333333  0.66666667  0.00000000      -1     -3     -3       0.23296873E+02
  0.33333333  0.66666667  0.00000000      -1     -3      3       0.23296873E+02
  0.33333333  0.66666667  0.00000000       2      1     -3       0.23296873E+02
  0.33333333  0.66666667  0.00000000       2      1      3       0.23296873E+02
  0.33333333  0.66666667  0.00000000      -2     -3     -3       0.23296873E+02
  0.33333333  0.66666667  0.00000000      -2     -3      3       0.23296873E+02
  0.33333333  0.66666667  0.00000000      -2      0     -3       0.23296873E+02
  0.33333333  0.66666667  0.00000000      -2      0      3       0.23296873E+02
  0.33333333  0.66666667  0.00000000      -1      1     -3       0.23296873E+02
  0.33333333  0.66666667  0.00000000      -1      1      3       0.23296873E+02
  0.33333333  0.66666667  0.00000000       1     -2      0       0.22205448E+02
  0.33333333  0.66666667  0.00000000      -3     -2      0       0.22205448E+02
  0.33333333  0.66666667  0.00000000       1      2      0       0.22205448E+02
  0.33333333  0.66666667  0.00000000       1     -1     -6       0.22203099E+02
  0.33333333  0.66666667  0.00000000       1     -1      6       0.22203099E+02
  0.33333333  0.66666667  0.00000000       0     -2     -6       0.22203099E+02
  0.33333333  0.66666667  0.00000000       0     -2      6       0.22203099E+02
  0.33333333  0.66666667  0.00000000      -2     -2     -6       0.22203099E+02
  0.33333333  0.66666667  0.00000000      -2     -2      6       0.22203099E+02
  0.33333333  0.66666667  0.00000000       1      1     -6       0.22203099E+02
  0.33333333  0.66666667  0.00000000       1      1      6       0.22203099E+02
  0.33333333  0.66666667  0.00000000      -2     -1     -6       0.22203099E+02
  0.33333333  0.66666667  0.00000000      -2     -1      6       0.22203099E+02
  0.33333333  0.66666667  0.00000000       0      1     -6       0.22203099E+02
  0.33333333  0.66666667  0.00000000       0      1      6       0.22203099E+02
  0.33333333  0.66666667  0.00000000       1     -2     -1       0.21863763E+02
  0.33333333  0.66666667  0.00000000       1     -2      1       0.21863763E+02
  0.33333333  0.66666667  0.00000000      -3     -2     -1       0.21863763E+02
  0.33333333  0.66666667  0.00000000      -3     -2      1       0.21863763E+02
  0.33333333  0.66666667  0.00000000       1      2     -1       0.21863763E+02
  0.33333333  0.66666667  0.00000000       1      2      1       0.21863763E+02
  0.33333333  0.66666667  0.00000000       1      0     -7       0.21860804E+02
  0.33333333  0.66666667  0.00000000       1      0      7       0.21860804E+02
  0.33333333  0.66666667  0.00000000      -1     -2     -7       0.21860804E+02
  0.33333333  0.66666667  0.00000000      -1     -2      7       0.21860804E+02
  0.33333333  0.66666667  0.00000000      -1      0     -7       0.21860804E+02
  0.33333333  0.66666667  0.00000000      -1      0      7       0.21860804E+02
  0.33333333  0.66666667  0.00000000       1     -2     -2       0.20899014E+02
  0.33333333  0.66666667  0.00000000       1     -2      2       0.20899014E+02
  0.33333333  0.66666667  0.00000000      -3     -2     -2       0.20899014E+02
  0.33333333  0.66666667  0.00000000      -3     -2      2       0.20899014E+02
  0.33333333  0.66666667  0.00000000       1      2     -2       0.20899014E+02
  0.33333333  0.66666667  0.00000000       1      2      2       0.20899014E+02
  0.33333333  0.66666667  0.00000000       2      0     -4       0.20898321E+02
  0.33333333  0.66666667  0.00000000       2      0      4       0.20898321E+02
  0.33333333  0.66666667  0.00000000      -1     -3     -4       0.20898321E+02
  0.33333333  0.66666667  0.00000000      -1     -3      4       0.20898321E+02
  0.33333333  0.66666667  0.00000000       2      1     -4       0.20898321E+02
  0.33333333  0.66666667  0.00000000       2      1      4       0.20898321E+02
  0.33333333  0.66666667  0.00000000      -2     -3     -4       0.20898321E+02
  0.33333333  0.66666667  0.00000000      -2     -3      4       0.20898321E+02
  0.33333333  0.66666667  0.00000000      -2      0     -4       0.20898321E+02
  0.33333333  0.66666667  0.00000000      -2      0      4       0.20898321E+02
  0.33333333  0.66666667  0.00000000      -1      1     -4       0.20898321E+02
  0.33333333  0.66666667  0.00000000      -1      1      4       0.20898321E+02
  0.33333333  0.66666667  0.00000000       0     -1     -8       0.20856504E+02
  0.33333333  0.66666667  0.00000000       0     -1      8       0.20856504E+02
  0.33333333  0.66666667  0.00000000      -1     -1     -8       0.20856504E+02
  0.33333333  0.66666667  0.00000000      -1     -1      8       0.20856504E+02
  0.33333333  0.66666667  0.00000000       0      0     -8       0.20856504E+02
  0.33333333  0.66666667  0.00000000       0      0      8       0.20856504E+02
  0.33333333  0.66666667  0.00000000       1     -2     -3       0.19467339E+02
  0.33333333  0.66666667  0.00000000       1     -2      3       0.19467339E+02
  0.33333333  0.66666667  0.00000000      -3     -2     -3       0.19467339E+02
  0.33333333  0.66666667  0.00000000      -3     -2      3       0.19467339E+02
  0.33333333  0.66666667  0.00000000       1      2     -3       0.19467339E+02
  0.33333333  0.66666667  0.00000000       1      2      3       0.19467339E+02
  0.33333333  0.66666667  0.00000000       2     -1      0       0.18699325E+02
  0.33333333  0.66666667  0.00000000       0     -3      0       0.18699325E+02
  0.33333333  0.66666667  0.00000000      -3     -3      0       0.18699325E+02
  0.33333333  0.66666667  0.00000000       2      2      0       0.18699325E+02
  0.33333333  0.66666667  0.00000000      -3     -1      0       0.18699325E+02
  0.33333333  0.66666667  0.00000000       0      2      0       0.18699325E+02
  0.33333333  0.66666667  0.00000000       2     -1     -1       0.18456431E+02
  0.33333333  0.66666667  0.00000000       2     -1      1       0.18456431E+02
  0.33333333  0.66666667  0.00000000       0     -3     -1       0.18456431E+02
  0.33333333  0.66666667  0.00000000       0     -3      1       0.18456431E+02
  0.33333333  0.66666667  0.00000000      -3     -3     -1       0.18456431E+02
  0.33333333  0.66666667  0.00000000      -3     -3      1       0.18456431E+02
  0.33333333  0.66666667  0.00000000       2      2     -1       0.18456431E+02
  0.33333333  0.66666667  0.00000000       2      2      1       0.18456431E+02
  0.33333333  0.66666667  0.00000000      -3     -1     -1       0.18456431E+02
  0.33333333  0.66666667  0.00000000      -3     -1      1       0.18456431E+02
  0.33333333  0.66666667  0.00000000       0      2     -1       0.18456431E+02
  0.33333333  0.66666667  0.00000000       0      2      1       0.18456431E+02
  0.33333333  0.66666667  0.00000000       2      0     -5       0.18455350E+02
  0.33333333  0.66666667  0.00000000       2      0      5       0.18455350E+02
  0.33333333  0.66666667  0.00000000      -1     -3     -5       0.18455350E+02
  0.33333333  0.66666667  0.00000000      -1     -3      5       0.18455350E+02
  0.33333333  0.66666667  0.00000000       2      1     -5       0.18455350E+02
  0.33333333  0.66666667  0.00000000       2      1      5       0.18455350E+02
  0.33333333  0.66666667  0.00000000      -2     -3     -5       0.18455350E+02
  0.33333333  0.66666667  0.00000000      -2     -3      5       0.18455350E+02
  0.33333333  0.66666667  0.00000000      -2      0     -5       0.18455350E+02
  0.33333333  0.66666667  0.00000000      -2      0      5       0.18455350E+02
  0.33333333  0.66666667  0.00000000      -1      1     -5       0.18455350E+02
  0.33333333  0.66666667  0.00000000      -1      1      5       0.18455350E+02
  0.33333333  0.66666667  0.00000000       1     -1     -7       0.18454270E+02
  0.33333333  0.66666667  0.00000000       1     -1      7       0.18454270E+02
  0.33333333  0.66666667  0.00000000       0     -2     -7       0.18454270E+02
  0.33333333  0.66666667  0.00000000       0     -2      7       0.18454270E+02
  0.33333333  0.66666667  0.00000000      -2     -2     -7       0.18454270E+02
  0.33333333  0.66666667  0.00000000      -2     -2      7       0.18454270E+02
  0.33333333  0.66666667  0.00000000       1      1     -7       0.18454270E+02
  0.33333333  0.66666667  0.00000000       1      1      7       0.18454270E+02
  0.33333333  0.66666667  0.00000000      -2     -1     -7       0.18454270E+02
  0.33333333  0.66666667  0.00000000      -2     -1      7       0.18454270E+02
  0.33333333  0.66666667  0.00000000       0      1     -7       0.18454270E+02
  0.33333333  0.66666667  0.00000000       0      1      7       0.18454270E+02
  0.33333333  0.66666667  0.00000000       2     -1     -2       0.17764191E+02
  0.33333333  0.66666667  0.00000000       2     -1      2       0.17764191E+02
  0.33333333  0.66666667  0.00000000       0     -3     -2       0.17764191E+02
  0.33333333  0.66666667  0.00000000       0     -3      2       0.17764191E+02
  0.33333333  0.66666667  0.00000000      -3     -3     -2       0.17764191E+02
  0.33333333  0.66666667  0.00000000      -3     -3      2       0.17764191E+02
  0.33333333  0.66666667  0.00000000       2      2     -2       0.17764191E+02
  0.33333333  0.66666667  0.00000000       2      2      2       0.17764191E+02
  0.33333333  0.66666667  0.00000000      -3     -1     -2       0.17764191E+02
  0.33333333  0.66666667  0.00000000      -3     -1      2       0.17764191E+02
  0.33333333  0.66666667  0.00000000       0      2     -2       0.17764191E+02
  0.33333333  0.66666667  0.00000000       0      2      2       0.17764191E+02
  0.33333333  0.66666667  0.00000000       1     -2     -4       0.17763691E+02
  0.33333333  0.66666667  0.00000000       1     -2      4       0.17763691E+02
  0.33333333  0.66666667  0.00000000      -3     -2     -4       0.17763691E+02
  0.33333333  0.66666667  0.00000000      -3     -2      4       0.17763691E+02
  0.33333333  0.66666667  0.00000000       1      2     -4       0.17763691E+02
  0.33333333  0.66666667  0.00000000       1      2      4       0.17763691E+02
  0.33333333  0.66666667  0.00000000       1      0     -8       0.17761625E+02
  0.33333333  0.66666667  0.00000000       1      0      8       0.17761625E+02
  0.33333333  0.66666667  0.00000000      -1     -2     -8       0.17761625E+02
  0.33333333  0.66666667  0.00000000      -1     -2      8       0.17761625E+02
  0.33333333  0.66666667  0.00000000      -1      0     -8       0.17761625E+02
  0.33333333  0.66666667  0.00000000      -1      0      8       0.17761625E+02
  0.33333333  0.66666667  0.00000000       2     -1     -3       0.16719063E+02
  0.33333333  0.66666667  0.00000000       2     -1      3       0.16719063E+02
  0.33333333  0.66666667  0.00000000       0     -3     -3       0.16719063E+02
  0.33333333  0.66666667  0.00000000       0     -3      3       0.16719063E+02
  0.33333333  0.66666667  0.00000000      -3     -3     -3       0.16719063E+02
  0.33333333  0.66666667  0.00000000      -3     -3      3       0.16719063E+02
  0.33333333  0.66666667  0.00000000       2      2     -3       0.16719063E+02
  0.33333333  0.66666667  0.00000000       2      2      3       0.16719063E+02
  0.33333333  0.66666667  0.00000000      -3     -1     -3       0.16719063E+02
  0.33333333  0.66666667  0.00000000      -3     -1      3       0.16719063E+02
  0.33333333  0.66666667  0.00000000       0      2     -3       0.16719063E+02
  0.33333333  0.66666667  0.00000000       0      2      3       0.16719063E+02
  0.33333333  0.66666667  0.00000000       0     -1     -9       0.16747637E+02
  0.33333333  0.66666667  0.00000000       0     -1      9       0.16747637E+02
  0.33333333  0.66666667  0.00000000      -1     -1     -9       0.16747637E+02
  0.33333333  0.66666667  0.00000000      -1     -1      9       0.16747637E+02
  0.33333333  0.66666667  0.00000000       0      0     -9       0.16747637E+02
  0.33333333  0.66666667  0.00000000       0      0      9       0.16747637E+02
  0.33333333  0.66666667  0.00000000       2      0     -6       0.16148175E+02
  0.33333333  0.66666667  0.00000000       2      0      6       0.16148175E+02
  0.33333333  0.66666667  0.00000000      -1     -3     -6       0.16148175E+02
  0.33333333  0.66666667  0.00000000      -1     -3      6       0.16148175E+02
  0.33333333  0.66666667  0.00000000       2      1     -6       0.16148175E+02
  0.33333333  0.66666667  0.00000000       2      1      6       0.16148175E+02
  0.33333333  0.66666667  0.00000000      -2     -3     -6       0.16148175E+02
  0.33333333  0.66666667  0.00000000      -2     -3      6       0.16148175E+02
  0.33333333  0.66666667  0.00000000      -2      0     -6       0.16148175E+02
  0.33333333  0.66666667  0.00000000      -2      0      6       0.16148175E+02
  0.33333333  0.66666667  0.00000000      -1      1     -6       0.16148175E+02
  0.33333333  0.66666667  0.00000000      -1      1      6       0.16148175E+02
  0.33333333  0.66666667  0.00000000       1     -2     -5       0.15967119E+02
  0.33333333  0.66666667  0.00000000       1     -2      5       0.15967119E+02
  0.33333333  0.66666667  0.00000000      -3     -2     -5       0.15967119E+02
  0.33333333  0.66666667  0.00000000      -3     -2      5       0.15967119E+02
  0.33333333  0.66666667  0.00000000       1      2     -5       0.15967119E+02
  0.33333333  0.66666667  0.00000000       1      2      5       0.15967119E+02
  0.33333333  0.66666667  0.00000000       2     -1     -4       0.15446763E+02
  0.33333333  0.66666667  0.00000000       2     -1      4       0.15446763E+02
  0.33333333  0.66666667  0.00000000       0     -3     -4       0.15446763E+02
  0.33333333  0.66666667  0.00000000       0     -3      4       0.15446763E+02
  0.33333333  0.66666667  0.00000000      -3     -3     -4       0.15446763E+02
  0.33333333  0.66666667  0.00000000      -3     -3      4       0.15446763E+02
  0.33333333  0.66666667  0.00000000       2      2     -4       0.15446763E+02
  0.33333333  0.66666667  0.00000000       2      2      4       0.15446763E+02
  0.33333333  0.66666667  0.00000000      -3     -1     -4       0.15446763E+02
  0.33333333  0.66666667  0.00000000      -3     -1      4       0.15446763E+02
  0.33333333  0.66666667  0.00000000       0      2     -4       0.15446763E+02
  0.33333333  0.66666667  0.00000000       0      2      4       0.15446763E+02
  0.33333333  0.66666667  0.00000000       1     -1     -8       0.15445247E+02
  0.33333333  0.66666667  0.00000000       1     -1      8       0.15445247E+02
  0.33333333  0.66666667  0.00000000       0     -2     -8       0.15445247E+02
  0.33333333  0.66666667  0.00000000       0     -2      8       0.15445247E+02
  0.33333333  0.66666667  0.00000000      -2     -2     -8       0.15445247E+02
  0.33333333  0.66666667  0.00000000      -2     -2      8       0.15445247E+02
  0.33333333  0.66666667  0.00000000       1      1     -8       0.15445247E+02
  0.33333333  0.66666667  0.00000000       1      1      8       0.15445247E+02
  0.33333333  0.66666667  0.00000000      -2     -1     -8       0.15445247E+02
  0.33333333  0.66666667  0.00000000      -2     -1      8       0.15445247E+02
  0.33333333  0.66666667  0.00000000       0      1     -8       0.15445247E+02
  0.33333333  0.66666667  0.00000000       0      1      8       0.15445247E+02
  0.33333333  0.66666667  0.00000000       1      0     -9       0.14648769E+02
  0.33333333  0.66666667  0.00000000       1      0      9       0.14648769E+02
  0.33333333  0.66666667  0.00000000      -1     -2     -9       0.14648769E+02
  0.33333333  0.66666667  0.00000000      -1     -2      9       0.14648769E+02
  0.33333333  0.66666667  0.00000000      -1      0     -9       0.14648769E+02
  0.33333333  0.66666667  0.00000000      -1      0      9       0.14648769E+02
  0.33333333  0.66666667  0.00000000       3      1      0       0.14211487E+02
  0.33333333  0.66666667  0.00000000      -2     -4      0       0.14211487E+02
  0.33333333  0.66666667  0.00000000      -2      1      0       0.14211487E+02
  0.33333333  0.66666667  0.00000000       1     -2     -6       0.14210525E+02
  0.33333333  0.66666667  0.00000000       1     -2      6       0.14210525E+02
  0.33333333  0.66666667  0.00000000      -3     -2     -6       0.14210525E+02
  0.33333333  0.66666667  0.00000000      -3     -2      6       0.14210525E+02
  0.33333333  0.66666667  0.00000000       1      2     -6       0.14210525E+02
  0.33333333  0.66666667  0.00000000       1      2      6       0.14210525E+02
  0.33333333  0.66666667  0.00000000       3      1     -1       0.14070753E+02
  0.33333333  0.66666667  0.00000000       3      1      1       0.14070753E+02
  0.33333333  0.66666667  0.00000000      -2     -4     -1       0.14070753E+02
  0.33333333  0.66666667  0.00000000      -2     -4      1       0.14070753E+02
  0.33333333  0.66666667  0.00000000      -2      1     -1       0.14070753E+02
  0.33333333  0.66666667  0.00000000      -2      1      1       0.14070753E+02
  0.33333333  0.66666667  0.00000000       2     -1     -5       0.14070124E+02
  0.33333333  0.66666667  0.00000000       2     -1      5       0.14070124E+02
  0.33333333  0.66666667  0.00000000       0     -3     -5       0.14070124E+02
  0.33333333  0.66666667  0.00000000       0     -3      5       0.14070124E+02
  0.33333333  0.66666667  0.00000000      -3     -3     -5       0.14070124E+02
  0.33333333  0.66666667  0.00000000      -3     -3      5       0.14070124E+02
  0.33333333  0.66666667  0.00000000       2      2     -5       0.14070124E+02
  0.33333333  0.66666667  0.00000000       2      2      5       0.14070124E+02
  0.33333333  0.66666667  0.00000000      -3     -1     -5       0.14070124E+02
  0.33333333  0.66666667  0.00000000      -3     -1      5       0.14070124E+02
  0.33333333  0.66666667  0.00000000       0      2     -5       0.14070124E+02
  0.33333333  0.66666667  0.00000000       0      2      5       0.14070124E+02
  0.33333333  0.66666667  0.00000000       2      0     -7       0.14069496E+02
  0.33333333  0.66666667  0.00000000       2      0      7       0.14069496E+02
  0.33333333  0.66666667  0.00000000      -1     -3     -7       0.14069496E+02
  0.33333333  0.66666667  0.00000000      -1     -3      7       0.14069496E+02
  0.33333333  0.66666667  0.00000000       2      1     -7       0.14069496E+02
  0.33333333  0.66666667  0.00000000       2      1      7       0.14069496E+02
  0.33333333  0.66666667  0.00000000      -2     -3     -7       0.14069496E+02
  0.33333333  0.66666667  0.00000000      -2     -3      7       0.14069496E+02
  0.33333333  0.66666667  0.00000000      -2      0     -7       0.14069496E+02
  0.33333333  0.66666667  0.00000000      -2      0      7       0.14069496E+02
  0.33333333  0.66666667  0.00000000      -1      1     -7       0.14069496E+02
  0.33333333  0.66666667  0.00000000      -1      1      7       0.14069496E+02
  0.33333333  0.66666667  0.00000000       3      1     -2       0.13664792E+02
  0.33333333  0.66666667  0.00000000       3      1      2       0.13664792E+02
  0.33333333  0.66666667  0.00000000      -2     -4     -2       0.13664792E+02
  0.33333333  0.66666667  0.00000000      -2     -4      2       0.13664792E+02
  0.33333333  0.66666667  0.00000000      -2      1     -2       0.13664792E+02
  0.33333333  0.66666667  0.00000000      -2      1      2       0.13664792E+02
  0.33333333  0.66666667  0.00000000       0     -1    -10       0.13636892E+02
  0.33333333  0.66666667  0.00000000       0     -1     10       0.13636892E+02
  0.33333333  0.66666667  0.00000000      -1     -1    -10       0.13636892E+02
  0.33333333  0.66666667  0.00000000      -1     -1     10       0.13636892E+02
  0.33333333  0.66666667  0.00000000       0      0    -10       0.13636892E+02
  0.33333333  0.66666667  0.00000000       0      0     10       0.13636892E+02
  0.33333333  0.66666667  0.00000000       3      1     -3       0.13037859E+02
  0.33333333  0.66666667  0.00000000       3      1      3       0.13037859E+02
  0.33333333  0.66666667  0.00000000      -2     -4     -3       0.13037859E+02
  0.33333333  0.66666667  0.00000000      -2     -4      3       0.13037859E+02
  0.33333333  0.66666667  0.00000000      -2      1     -3       0.13037859E+02
  0.33333333  0.66666667  0.00000000      -2      1      3       0.13037859E+02
  0.33333333  0.66666667  0.00000000       1     -1     -9       0.13036241E+02
  0.33333333  0.66666667  0.00000000       1     -1      9       0.13036241E+02
  0.33333333  0.66666667  0.00000000       0     -2     -9       0.13036241E+02
  0.33333333  0.66666667  0.00000000       0     -2      9       0.13036241E+02
  0.33333333  0.66666667  0.00000000      -2     -2     -9       0.13036241E+02
  0.33333333  0.66666667  0.00000000      -2     -2      9       0.13036241E+02
  0.33333333  0.66666667  0.00000000       1      1     -9       0.13036241E+02
  0.33333333  0.66666667  0.00000000       1      1      9       0.13036241E+02
  0.33333333  0.66666667  0.00000000      -2     -1     -9       0.13036241E+02
  0.33333333  0.66666667  0.00000000      -2     -1      9       0.13036241E+02
  0.33333333  0.66666667  0.00000000       0      1     -9       0.13036241E+02
  0.33333333  0.66666667  0.00000000       0      1      9       0.13036241E+02
  0.33333333  0.66666667  0.00000000       3      0      0       0.12688827E+02
  0.33333333  0.66666667  0.00000000      -1     -4      0       0.12688827E+02
  0.33333333  0.66666667  0.00000000       3      2      0       0.12688827E+02
  0.33333333  0.66666667  0.00000000      -3     -4      0       0.12688827E+02
  0.33333333  0.66666667  0.00000000      -3      0      0       0.12688827E+02
  0.33333333  0.66666667  0.00000000      -1      2      0       0.12688827E+02
  0.33333333  0.66666667  0.00000000       2     -1     -6       0.12688061E+02
  0.33333333  0.66666667  0.00000000       2     -1      6       0.12688061E+02
  0.33333333  0.66666667  0.00000000       0     -3     -6       0.12688061E+02
  0.33333333  0.66666667  0.00000000       0     -3      6       0.12688061E+02
  0.33333333  0.66666667  0.00000000      -3     -3     -6       0.12688061E+02
  0.33333333  0.66666667  0.00000000      -3     -3      6       0.12688061E+02
  0.33333333  0.66666667  0.00000000       2      2     -6       0.12688061E+02
  0.33333333  0.66666667  0.00000000       2      2      6       0.12688061E+02
  0.33333333  0.66666667  0.00000000      -3     -1     -6       0.12688061E+02
  0.33333333  0.66666667  0.00000000      -3     -1      6       0.12688061E+02
  0.33333333  0.66666667  0.00000000       0      2     -6       0.12688061E+02
  0.33333333  0.66666667  0.00000000       0      2      6       0.12688061E+02
  0.33333333  0.66666667  0.00000000       3      0     -1       0.12576516E+02
  0.33333333  0.66666667  0.00000000       3      0      1       0.12576516E+02
  0.33333333  0.66666667  0.00000000      -1     -4     -1       0.12576516E+02
  0.33333333  0.66666667  0.00000000      -1     -4      1       0.12576516E+02
  0.33333333  0.66666667  0.00000000       3      2     -1       0.12576516E+02
  0.33333333  0.66666667  0.00000000       3      2      1       0.12576516E+02
  0.33333333  0.66666667  0.00000000      -3     -4     -1       0.12576516E+02
  0.33333333  0.66666667  0.00000000      -3     -4      1       0.12576516E+02
  0.33333333  0.66666667  0.00000000      -3      0     -1       0.12576516E+02
  0.33333333  0.66666667  0.00000000      -3      0      1       0.12576516E+02
  0.33333333  0.66666667  0.00000000      -1      2     -1       0.12576516E+02
  0.33333333  0.66666667  0.00000000      -1      2      1       0.12576516E+02
  0.33333333  0.66666667  0.00000000       1     -2     -7       0.12575512E+02
  0.33333333  0.66666667  0.00000000       1     -2      7       0.12575512E+02
  0.33333333  0.66666667  0.00000000      -3     -2     -7       0.12575512E+02
  0.33333333  0.66666667  0.00000000      -3     -2      7       0.12575512E+02
  0.33333333  0.66666667  0.00000000       1      2     -7       0.12575512E+02
  0.33333333  0.66666667  0.00000000       1      2      7       0.12575512E+02
