  0.00100000  0.00000000  0.00000000       0      0      0       0.12817317E+07
  0.00100000  0.00000000  0.00000000       0      0     -1       0.28263513E+04
  0.00100000  0.00000000  0.00000000       0      0      1       0.28263513E+04
  0.00100000  0.00000000  0.00000000       0      0     -2       0.38444609E+01
  0.00100000  0.00000000  0.00000000       0      0      2       0.38444609E+01
  0.00100000  0.00000000  0.00000000       0      0     -3       0.31404238E+03
  0.00100000  0.00000000  0.00000000       0      0      3       0.31404238E+03
  0.00100000  0.00000000  0.00000000      -1      0      0       0.11866401E+03
  0.00100000  0.00000000  0.00000000       1      0      0       0.11819036E+03
  0.00100000  0.00000000  0.00000000       0     -1      0       0.11830842E+03
  0.00100000  0.00000000  0.00000000       0      1      0       0.11854524E+03
  0.00100000  0.00000000  0.00000000      -1     -1      0       0.11854524E+03
  0.00100000  0.00000000  0.00000000       1      1      0       0.11830842E+03
  0.00100000  0.00000000  0.00000000      -1      0     -1       0.10952172E+03
  0.00100000  0.00000000  0.00000000      -1      0      1       0.10952172E+03
  0.00100000  0.00000000  0.00000000       1      0     -1       0.10911803E+03
  0.00100000  0.00000000  0.00000000       1      0      1       0.10911803E+03
  0.00100000  0.00000000  0.00000000       0     -1     -1       0.10921868E+03
  0.00100000  0.00000000  0.00000000       0     -1      1       0.10921868E+03
  0.00100000  0.00000000  0.00000000       0      1     -1       0.10942052E+03
  0.00100000  0.00000000  0.00000000       0      1      1       0.10942052E+03
  0.00100000  0.00000000  0.00000000      -1     -1     -1       0.10942052E+03
  0.00100000  0.00000000  0.00000000      -1     -1      1       0.10942052E+03
  0.00100000  0.00000000  0.00000000       1      1     -1       0.10921868E+03
  0.00100000  0.00000000  0.00000000       1      1      1       0.10921868E+03
  0.00100000  0.00000000  0.00000000      -1      0     -2       0.88949281E+02
  0.00100000  0.00000000  0.00000000      -1      0      2       0.88949281E+02
  0.00100000  0.00000000  0.00000000       1      0     -2       0.88682882E+02
  0.00100000  0.00000000  0.00000000       1      0      2       0.88682882E+02
  0.00100000  0.00000000  0.00000000       0     -1     -2       0.88749332E+02
  0.00100000  0.00000000  0.00000000       0     -1      2       0.88749332E+02
  0.00100000  0.00000000  0.00000000       0      1     -2       0.88882531E+02
  0.00100000  0.00000000  0.00000000       0      1      2       0.88882531E+02
  0.00100000  0.00000000  0.00000000      -1     -1     -2       0.88882531E+02
  0.00100000  0.00000000  0.00000000      -1     -1      2       0.88882531E+02
  0.00100000  0.00000000  0.00000000       1      1     -2       0.88749332E+02
  0.00100000  0.00000000  0.00000000       1      1      2       0.88749332E+02
  0.00100000  0.00000000  0.00000000       0      0     -4       0.96111740E+00
  0.00100000  0.00000000  0.00000000       0      0      4       0.96111740E+00
  0.00100000  0.00000000  0.00000000      -1      0     -3       0.67746960E+02
  0.00100000  0.00000000  0.00000000      -1      0      3       0.67746960E+02
  0.00100000  0.00000000  0.00000000       1      0     -3       0.67592272E+02
  0.00100000  0.00000000  0.00000000       1      0      3       0.67592272E+02
  0.00100000  0.00000000  0.00000000       0     -1     -3       0.67630878E+02
  0.00100000  0.00000000  0.00000000       0     -1      3       0.67630878E+02
  0.00100000  0.00000000  0.00000000       0      1     -3       0.67708222E+02
  0.00100000  0.00000000  0.00000000       0      1      3       0.67708222E+02
  0.00100000  0.00000000  0.00000000      -1     -1     -3       0.67708222E+02
  0.00100000  0.00000000  0.00000000      -1     -1      3       0.67708222E+02
  0.00100000  0.00000000  0.00000000       1      1     -3       0.67630878E+02
  0.00100000  0.00000000  0.00000000       1      1      3       0.67630878E+02
  0.00100000  0.00000000  0.00000000       0      0     -5       0.11305535E+03
  0.00100000  0.00000000  0.00000000       0      0      5       0.11305535E+03
  0.00100000  0.00000000  0.00000000      -1      0     -4       0.50792403E+02
  0.00100000  0.00000000  0.00000000      -1      0      4       0.50792403E+02
  0.00100000  0.00000000  0.00000000       1      0     -4       0.50705435E+02
  0.00100000  0.00000000  0.00000000       1      0      4       0.50705435E+02
  0.00100000  0.00000000  0.00000000       0     -1     -4       0.50727149E+02
  0.00100000  0.00000000  0.00000000       0     -1      4       0.50727149E+02
  0.00100000  0.00000000  0.00000000       0      1     -4       0.50770633E+02
  0.00100000  0.00000000  0.00000000       0      1      4       0.50770633E+02
  0.00100000  0.00000000  0.00000000      -1     -1     -4       0.50770633E+02
  0.00100000  0.00000000  0.00000000      -1     -1      4       0.50770633E+02
  0.00100000  0.00000000  0.00000000       1      1     -4       0.50727149E+02
  0.00100000  0.00000000  0.00000000       1      1      4       0.50727149E+02
  0.00000000  0.33333333  0.00000000       0      0      0       0.10375213E+04
  0.00000000  0.33333333  0.00000000       0      0     -1       0.62520774E+03
  0.00000000  0.33333333  0.00000000       0      0      1       0.62520774E+03
  0.00000000  0.33333333  0.00000000       0     -1      0       0.26627699E+03
  0.00000000  0.33333333  0.00000000       0      0     -2       0.25934376E+03
  0.00000000  0.33333333  0.00000000       0      0      2       0.25934376E+03
  0.00000000  0.33333333  0.00000000       0     -1     -1       0.22454387E+03
  0.00000000  0.33333333  0.00000000       0     -1      1       0.22454387E+03
  0.00000000  0.33333333  0.00000000      -1     -1      0       0.15225558E+03
  0.00000000  0.33333333  0.00000000       1      0      0       0.15225558E+03
  0.00000000  0.33333333  0.00000000       0     -1     -2       0.15214602E+03
  0.00000000  0.33333333  0.00000000       0     -1      2       0.15214602E+03
  0.00000000  0.33333333  0.00000000      -1     -1     -1       0.13753736E+03
  0.00000000  0.33333333  0.00000000      -1     -1      1       0.13753736E+03
  0.00000000  0.33333333  0.00000000       1      0     -1       0.13753736E+03
  0.00000000  0.33333333  0.00000000       1      0      1       0.13753736E+03
  0.00000000  0.33333333  0.00000000       0      0     -3       0.14116420E+03
  0.00000000  0.33333333  0.00000000       0      0      3       0.14116420E+03
  0.00000000  0.33333333  0.00000000      -1     -1     -2       0.10657290E+03
  0.00000000  0.33333333  0.00000000      -1     -1      2       0.10657290E+03
  0.00000000  0.33333333  0.00000000       1      0     -2       0.10657290E+03
  0.00000000  0.33333333  0.00000000       1      0      2       0.10657290E+03
  0.00000000  0.33333333  0.00000000       0     -1     -3       0.99208293E+02
  0.00000000  0.33333333  0.00000000       0     -1      3       0.99208293E+02
  0.00000000  0.33333333  0.00000000      -1      0      0       0.81989175E+02
  0.00000000  0.33333333  0.00000000       1      1      0       0.81989175E+02
  0.00000000  0.33333333  0.00000000       0      0     -4       0.79795484E+02
  0.00000000  0.33333333  0.00000000       0      0      4       0.79795484E+02
  0.00000000  0.33333333  0.00000000      -1      0     -1       0.77516568E+02
  0.00000000  0.33333333  0.00000000      -1      0      1       0.77516568E+02
  0.00000000  0.33333333  0.00000000       1      1     -1       0.77516568E+02
  0.00000000  0.33333333  0.00000000       1      1      1       0.77516568E+02
  0.00000000  0.33333333  0.00000000      -1     -1     -3       0.77515313E+02
  0.00000000  0.33333333  0.00000000      -1     -1      3       0.77515313E+02
  0.00000000  0.33333333  0.00000000       1      0     -3       0.77515313E+02
  0.00000000  0.33333333  0.00000000       1      0      3       0.77515313E+02
  0.00000000  0.33333333  0.00000000       0      1      0       0.66616311E+02
  0.00000000  0.33333333  0.00000000      -1      0     -2       0.66613857E+02
  0.00000000  0.33333333  0.00000000      -1      0      2       0.66613857E+02
  0.00000000  0.33333333  0.00000000       1      1     -2       0.66613857E+02
  0.00000000  0.33333333  0.00000000       1      1      2       0.66613857E+02
  0.00000000  0.33333333  0.00000000       0     -1     -4       0.66559863E+02
  0.00000000  0.33333333  0.00000000       0     -1      4       0.66559863E+02
  0.00000000  0.33333333  0.00000000       0      1     -1       0.63633019E+02
  0.00000000  0.33333333  0.00000000       0      1      1       0.63633019E+02
  0.00000000  0.33333333  0.00000000       1     -1      0       0.56097966E+02
  0.00000000  0.33333333  0.00000000      -1     -2      0       0.56097966E+02
  0.00000000  0.33333333  0.00000000       0      1     -2       0.56096281E+02
  0.00000000  0.33333333  0.00000000       0      1      2       0.56096281E+02
  0.00000000  0.33333333  0.00000000      -1     -1     -4       0.56087503E+02
  0.00000000  0.33333333  0.00000000      -1     -1      4       0.56087503E+02
  0.00000000  0.33333333  0.00000000       1      0     -4       0.56087503E+02
  0.00000000  0.33333333  0.00000000       1      0      4       0.56087503E+02
  0.00000000  0.33333333  0.00000000       1     -1     -1       0.53967293E+02
  0.00000000  0.33333333  0.00000000       1     -1      1       0.53967293E+02
  0.00000000  0.33333333  0.00000000      -1     -2     -1       0.53967293E+02
  0.00000000  0.33333333  0.00000000      -1     -2      1       0.53967293E+02
  0.00000000  0.33333333  0.00000000      -1      0     -3       0.53964317E+02
  0.00000000  0.33333333  0.00000000      -1      0      3       0.53964317E+02
  0.00000000  0.33333333  0.00000000       1      1     -3       0.53964317E+02
  0.00000000  0.33333333  0.00000000       1      1      3       0.53964317E+02
  0.00000000  0.33333333  0.00000000       0      0     -5       0.55392731E+02
  0.00000000  0.33333333  0.00000000       0      0      5       0.55392731E+02
  0.00000000  0.66666667  0.00000000       0     -1      0       0.10375213E+04
  0.00000000  0.66666667  0.00000000       0     -1     -1       0.62520774E+03
  0.00000000  0.66666667  0.00000000       0     -1      1       0.62520774E+03
  0.00000000  0.66666667  0.00000000       0      0      0       0.26627699E+03
  0.00000000  0.66666667  0.00000000       0     -1     -2       0.25934376E+03
  0.00000000  0.66666667  0.00000000       0     -1      2       0.25934376E+03
  0.00000000  0.66666667  0.00000000       0      0     -1       0.22454387E+03
  0.00000000  0.66666667  0.00000000       0      0      1       0.22454387E+03
  0.00000000  0.66666667  0.00000000      -1     -1      0       0.15225558E+03
  0.00000000  0.66666667  0.00000000       1      0      0       0.15225558E+03
  0.00000000  0.66666667  0.00000000       0      0     -2       0.15214602E+03
  0.00000000  0.66666667  0.00000000       0      0      2       0.15214602E+03
  0.00000000  0.66666667  0.00000000      -1     -1     -1       0.13753736E+03
  0.00000000  0.66666667  0.00000000      -1     -1      1       0.13753736E+03
  0.00000000  0.66666667  0.00000000       1      0     -1       0.13753736E+03
  0.00000000  0.66666667  0.00000000       1      0      1       0.13753736E+03
  0.00000000  0.66666667  0.00000000       0     -1     -3       0.14116420E+03
  0.00000000  0.66666667  0.00000000       0     -1      3       0.14116420E+03
  0.00000000  0.66666667  0.00000000      -1     -1     -2       0.10657290E+03
  0.00000000  0.66666667  0.00000000      -1     -1      2       0.10657290E+03
  0.00000000  0.66666667  0.00000000       1      0     -2       0.10657290E+03
  0.00000000  0.66666667  0.00000000       1      0      2       0.10657290E+03
  0.00000000  0.66666667  0.00000000       0      0     -3       0.99208293E+02
  0.00000000  0.66666667  0.00000000       0      0      3       0.99208293E+02
  0.00000000  0.66666667  0.00000000       1     -1      0       0.81989175E+02
  0.00000000  0.66666667  0.00000000      -1     -2      0       0.81989175E+02
  0.00000000  0.66666667  0.00000000       0     -1     -4       0.79795484E+02
  0.00000000  0.66666667  0.00000000       0     -1      4       0.79795484E+02
  0.00000000  0.66666667  0.00000000       1     -1     -1       0.77516568E+02
  0.00000000  0.66666667  0.00000000       1     -1      1       0.77516568E+02
  0.00000000  0.66666667  0.00000000      -1     -2     -1       0.77516568E+02
  0.00000000  0.66666667  0.00000000      -1     -2      1       0.77516568E+02
  0.00000000  0.66666667  0.00000000      -1     -1     -3       0.77515313E+02
  0.00000000  0.66666667  0.00000000      -1     -1      3       0.77515313E+02
  0.00000000  0.66666667  0.00000000       1      0     -3       0.77515313E+02
  0.00000000  0.66666667  0.00000000       1      0      3       0.77515313E+02
  0.00000000  0.66666667  0.00000000       0     -2      0       0.66616311E+02
  0.00000000  0.66666667  0.00000000       1     -1     -2       0.66613857E+02
  0.00000000  0.66666667  0.00000000       1     -1      2       0.66613857E+02
  0.00000000  0.66666667  0.00000000      -1     -2     -2       0.66613857E+02
  0.00000000  0.66666667  0.00000000      -1     -2      2       0.66613857E+02
  0.00000000  0.66666667  0.00000000       0      0     -4       0.66559863E+02
  0.00000000  0.66666667  0.00000000       0      0      4       0.66559863E+02
  0.00000000  0.66666667  0.00000000       0     -2     -1       0.63633019E+02
  0.00000000  0.66666667  0.00000000       0     -2      1       0.63633019E+02
  0.00000000  0.66666667  0.00000000      -1      0      0       0.56097966E+02
  0.00000000  0.66666667  0.00000000       1      1      0       0.56097966E+02
  0.00000000  0.66666667  0.00000000       0     -2     -2       0.56096281E+02
  0.00000000  0.66666667  0.00000000       0     -2      2       0.56096281E+02
  0.00000000  0.66666667  0.00000000      -1     -1     -4       0.56087503E+02
  0.00000000  0.66666667  0.00000000      -1     -1      4       0.56087503E+02
  0.00000000  0.66666667  0.00000000       1      0     -4       0.56087503E+02
  0.00000000  0.66666667  0.00000000       1      0      4       0.56087503E+02
  0.00000000  0.66666667  0.00000000      -1      0     -1       0.53967293E+02
  0.00000000  0.66666667  0.00000000      -1      0      1       0.53967293E+02
  0.00000000  0.66666667  0.00000000       1      1     -1       0.53967293E+02
  0.00000000  0.66666667  0.00000000       1      1      1       0.53967293E+02
  0.00000000  0.66666667  0.00000000       1     -1     -3       0.53964317E+02
  0.00000000  0.66666667  0.00000000       1     -1      3       0.53964317E+02
  0.00000000  0.66666667  0.00000000      -1     -2     -3       0.53964317E+02
  0.00000000  0.66666667  0.00000000      -1     -2      3       0.53964317E+02
  0.00000000  0.66666667  0.00000000       0     -1     -5       0.55392731E+02
  0.00000000  0.66666667  0.00000000       0     -1      5       0.55392731E+02
  0.33333333  0.00000000  0.00000000       0      0      0       0.10375213E+04
  0.33333333  0.00000000  0.00000000       0      0     -1       0.62520774E+03
  0.33333333  0.00000000  0.00000000       0      0      1       0.62520774E+03
  0.33333333  0.00000000  0.00000000      -1      0      0       0.26627699E+03
  0.33333333  0.00000000  0.00000000       0      0     -2       0.25934376E+03
  0.33333333  0.00000000  0.00000000       0      0      2       0.25934376E+03
  0.33333333  0.00000000  0.00000000      -1      0     -1       0.22454387E+03
  0.33333333  0.00000000  0.00000000      -1      0      1       0.22454387E+03
  0.33333333  0.00000000  0.00000000      -1     -1      0       0.15225558E+03
  0.33333333  0.00000000  0.00000000       0      1      0       0.15225558E+03
  0.33333333  0.00000000  0.00000000      -1      0     -2       0.15214602E+03
  0.33333333  0.00000000  0.00000000      -1      0      2       0.15214602E+03
  0.33333333  0.00000000  0.00000000      -1     -1     -1       0.13753736E+03
  0.33333333  0.00000000  0.00000000      -1     -1      1       0.13753736E+03
  0.33333333  0.00000000  0.00000000       0      1     -1       0.13753736E+03
  0.33333333  0.00000000  0.00000000       0      1      1       0.13753736E+03
  0.33333333  0.00000000  0.00000000       0      0     -3       0.14116420E+03
  0.33333333  0.00000000  0.00000000       0      0      3       0.14116420E+03
  0.33333333  0.00000000  0.00000000      -1     -1     -2       0.10657290E+03
  0.33333333  0.00000000  0.00000000      -1     -1      2       0.10657290E+03
  0.33333333  0.00000000  0.00000000       0      1     -2       0.10657290E+03
  0.33333333  0.00000000  0.00000000       0      1      2       0.10657290E+03
  0.33333333  0.00000000  0.00000000      -1      0     -3       0.99208293E+02
  0.33333333  0.00000000  0.00000000      -1      0      3       0.99208293E+02
  0.33333333  0.00000000  0.00000000       0     -1      0       0.81989175E+02
  0.33333333  0.00000000  0.00000000       1      1      0       0.81989175E+02
  0.33333333  0.00000000  0.00000000       0      0     -4       0.79795484E+02
  0.33333333  0.00000000  0.00000000       0      0      4       0.79795484E+02
  0.33333333  0.00000000  0.00000000       0     -1     -1       0.77516568E+02
  0.33333333  0.00000000  0.00000000       0     -1      1       0.77516568E+02
  0.33333333  0.00000000  0.00000000       1      1     -1       0.77516568E+02
  0.33333333  0.00000000  0.00000000       1      1      1       0.77516568E+02
  0.33333333  0.00000000  0.00000000      -1     -1     -3       0.77515313E+02
  0.33333333  0.00000000  0.00000000      -1     -1      3       0.77515313E+02
  0.33333333  0.00000000  0.00000000       0      1     -3       0.77515313E+02
  0.33333333  0.00000000  0.00000000       0      1      3       0.77515313E+02
  0.33333333  0.00000000  0.00000000       1      0      0       0.66616311E+02
  0.33333333  0.00000000  0.00000000       0     -1     -2       0.66613857E+02
  0.33333333  0.00000000  0.00000000       0     -1      2       0.66613857E+02
  0.33333333  0.00000000  0.00000000       1      1     -2       0.66613857E+02
  0.33333333  0.00000000  0.00000000       1      1      2       0.66613857E+02
  0.33333333  0.00000000  0.00000000      -1      0     -4       0.66559863E+02
  0.33333333  0.00000000  0.00000000      -1      0      4       0.66559863E+02
  0.33333333  0.00000000  0.00000000       1      0     -1       0.63633019E+02
  0.33333333  0.00000000  0.00000000       1      0      1       0.63633019E+02
  0.33333333  0.00000000  0.00000000      -1      1      0       0.56097966E+02
  0.33333333  0.00000000  0.00000000      -2     -1      0       0.56097966E+02
  0.33333333  0.00000000  0.00000000       1      0     -2       0.56096281E+02
  0.33333333  0.00000000  0.00000000       1      0      2       0.56096281E+02
  0.33333333  0.00000000  0.00000000      -1     -1     -4       0.56087503E+02
  0.33333333  0.00000000  0.00000000      -1     -1      4       0.56087503E+02
  0.33333333  0.00000000  0.00000000       0      1     -4       0.56087503E+02
  0.33333333  0.00000000  0.00000000       0      1      4       0.56087503E+02
  0.33333333  0.00000000  0.00000000      -1      1     -1       0.53967293E+02
  0.33333333  0.00000000  0.00000000      -1      1      1       0.53967293E+02
  0.33333333  0.00000000  0.00000000      -2     -1     -1       0.53967293E+02
  0.33333333  0.00000000  0.00000000      -2     -1      1       0.53967293E+02
  0.33333333  0.00000000  0.00000000       0     -1     -3       0.53964317E+02
  0.33333333  0.00000000  0.00000000       0     -1      3       0.53964317E+02
  0.33333333  0.00000000  0.00000000       1      1     -3       0.53964317E+02
  0.33333333  0.00000000  0.00000000       1      1      3       0.53964317E+02
  0.33333333  0.00000000  0.00000000       0      0     -5       0.55392731E+02
  0.33333333  0.00000000  0.00000000       0      0      5       0.55392731E+02
  0.33333333  0.33333333  0.00000000       0      0      0       0.10375213E+04
  0.33333333  0.33333333  0.00000000       0      0     -1       0.62520774E+03
  0.33333333  0.33333333  0.00000000       0      0      1       0.62520774E+03
  0.33333333  0.33333333  0.00000000      -1     -1      0       0.26627699E+03
  0.33333333  0.33333333  0.00000000       0      0     -2       0.25934376E+03
  0.33333333  0.33333333  0.00000000       0      0      2       0.25934376E+03
  0.33333333  0.33333333  0.00000000      -1     -1     -1       0.22454387E+03
  0.33333333  0.33333333  0.00000000      -1     -1      1       0.22454387E+03
  0.33333333  0.33333333  0.00000000      -1      0      0       0.15225558E+03
  0.33333333  0.33333333  0.00000000       0     -1      0       0.15225558E+03
  0.33333333  0.33333333  0.00000000      -1     -1     -2       0.15214602E+03
  0.33333333  0.33333333  0.00000000      -1     -1      2       0.15214602E+03
  0.33333333  0.33333333  0.00000000      -1      0     -1       0.13753736E+03
  0.33333333  0.33333333  0.00000000      -1      0      1       0.13753736E+03
  0.33333333  0.33333333  0.00000000       0     -1     -1       0.13753736E+03
  0.33333333  0.33333333  0.00000000       0     -1      1       0.13753736E+03
  0.33333333  0.33333333  0.00000000       0      0     -3       0.14116420E+03
  0.33333333  0.33333333  0.00000000       0      0      3       0.14116420E+03
  0.33333333  0.33333333  0.00000000      -1      0     -2       0.10657290E+03
  0.33333333  0.33333333  0.00000000      -1      0      2       0.10657290E+03
  0.33333333  0.33333333  0.00000000       0     -1     -2       0.10657290E+03
  0.33333333  0.33333333  0.00000000       0     -1      2       0.10657290E+03
  0.33333333  0.33333333  0.00000000      -1     -1     -3       0.99208293E+02
  0.33333333  0.33333333  0.00000000      -1     -1      3       0.99208293E+02
  0.33333333  0.33333333  0.00000000       1      0      0       0.81989175E+02
  0.33333333  0.33333333  0.00000000       0      1      0       0.81989175E+02
  0.33333333  0.33333333  0.00000000       0      0     -4       0.79795484E+02
  0.33333333  0.33333333  0.00000000       0      0      4       0.79795484E+02
  0.33333333  0.33333333  0.00000000       1      0     -1       0.77516568E+02
  0.33333333  0.33333333  0.00000000       1      0      1       0.77516568E+02
  0.33333333  0.33333333  0.00000000       0      1     -1       0.77516568E+02
  0.33333333  0.33333333  0.00000000       0      1      1       0.77516568E+02
  0.33333333  0.33333333  0.00000000      -1      0     -3       0.77515313E+02
  0.33333333  0.33333333  0.00000000      -1      0      3       0.77515313E+02
  0.33333333  0.33333333  0.00000000       0     -1     -3       0.77515313E+02
  0.33333333  0.33333333  0.00000000       0     -1      3       0.77515313E+02
  0.33333333  0.33333333  0.00000000       1      1      0       0.66616311E+02
  0.33333333  0.33333333  0.00000000       1      0     -2       0.66613857E+02
  0.33333333  0.33333333  0.00000000       1      0      2       0.66613857E+02
  0.33333333  0.33333333  0.00000000       0      1     -2       0.66613857E+02
  0.33333333  0.33333333  0.00000000       0      1      2       0.66613857E+02
  0.33333333  0.33333333  0.00000000      -1     -1     -4       0.66559863E+02
  0.33333333  0.33333333  0.00000000      -1     -1      4       0.66559863E+02
  0.33333333  0.33333333  0.00000000       1      1     -1       0.63633019E+02
  0.33333333  0.33333333  0.00000000       1      1      1       0.63633019E+02
  0.33333333  0.33333333  0.00000000      -2     -1      0       0.56097966E+02
  0.33333333  0.33333333  0.00000000      -1     -2      0       0.56097966E+02
  0.33333333  0.33333333  0.00000000       1      1     -2       0.56096281E+02
  0.33333333  0.33333333  0.00000000       1      1      2       0.56096281E+02
  0.33333333  0.33333333  0.00000000      -1      0     -4       0.56087503E+02
  0.33333333  0.33333333  0.00000000      -1      0      4       0.56087503E+02
  0.33333333  0.33333333  0.00000000       0     -1     -4       0.56087503E+02
  0.33333333  0.33333333  0.00000000       0     -1      4       0.56087503E+02
  0.33333333  0.33333333  0.00000000      -2     -1     -1       0.53967293E+02
  0.33333333  0.33333333  0.00000000      -2     -1      1       0.53967293E+02
  0.33333333  0.33333333  0.00000000      -1     -2     -1       0.53967293E+02
  0.33333333  0.33333333  0.00000000      -1     -2      1       0.53967293E+02
  0.33333333  0.33333333  0.00000000       1      0     -3       0.53964317E+02
  0.33333333  0.33333333  0.00000000       1      0      3       0.53964317E+02
  0.33333333  0.33333333  0.00000000       0      1     -3       0.53964317E+02
  0.33333333  0.33333333  0.00000000       0      1      3       0.53964317E+02
  0.33333333  0.33333333  0.00000000       0      0     -5       0.55392731E+02
  0.33333333  0.33333333  0.00000000       0      0      5       0.55392731E+02
  0.33333333  0.66666667  0.00000000       0     -1      0       0.35462330E+03
  0.33333333  0.66666667  0.00000000      -1     -1      0       0.35462330E+03
  0.33333333  0.66666667  0.00000000       0      0      0       0.35462330E+03
  0.33333333  0.66666667  0.00000000       0     -1     -1       0.28475012E+03
  0.33333333  0.66666667  0.00000000       0     -1      1       0.28475012E+03
  0.33333333  0.66666667  0.00000000      -1     -1     -1       0.28475012E+03
  0.33333333  0.66666667  0.00000000      -1     -1      1       0.28475012E+03
  0.33333333  0.66666667  0.00000000       0      0     -1       0.28475012E+03
  0.33333333  0.66666667  0.00000000       0      0      1       0.28475012E+03
  0.33333333  0.66666667  0.00000000       0     -1     -2       0.17729498E+03
  0.33333333  0.66666667  0.00000000       0     -1      2       0.17729498E+03
  0.33333333  0.66666667  0.00000000      -1     -1     -2       0.17729498E+03
  0.33333333  0.66666667  0.00000000      -1     -1      2       0.17729498E+03
  0.33333333  0.66666667  0.00000000       0      0     -2       0.17729498E+03
  0.33333333  0.66666667  0.00000000       0      0      2       0.17729498E+03
  0.33333333  0.66666667  0.00000000       0     -1     -3       0.10950914E+03
  0.33333333  0.66666667  0.00000000       0     -1      3       0.10950914E+03
  0.33333333  0.66666667  0.00000000      -1     -1     -3       0.10950914E+03
  0.33333333  0.66666667  0.00000000      -1     -1      3       0.10950914E+03
  0.33333333  0.66666667  0.00000000       0      0     -3       0.10950914E+03
  0.33333333  0.66666667  0.00000000       0      0      3       0.10950914E+03
  0.33333333  0.66666667  0.00000000       1      0      0       0.88821482E+02
  0.33333333  0.66666667  0.00000000      -1     -2      0       0.88821482E+02
  0.33333333  0.66666667  0.00000000      -1      0      0       0.88821482E+02
  0.33333333  0.66666667  0.00000000       1      0     -1       0.83596348E+02
  0.33333333  0.66666667  0.00000000       1      0      1       0.83596348E+02
  0.33333333  0.66666667  0.00000000      -1     -2     -1       0.83596348E+02
  0.33333333  0.66666667  0.00000000      -1     -2      1       0.83596348E+02
  0.33333333  0.66666667  0.00000000      -1      0     -1       0.83596348E+02
  0.33333333  0.66666667  0.00000000      -1      0      1       0.83596348E+02
  0.33333333  0.66666667  0.00000000       1      0     -2       0.71054514E+02
  0.33333333  0.66666667  0.00000000       1      0      2       0.71054514E+02
  0.33333333  0.66666667  0.00000000      -1     -2     -2       0.71054514E+02
  0.33333333  0.66666667  0.00000000      -1     -2      2       0.71054514E+02
  0.33333333  0.66666667  0.00000000      -1      0     -2       0.71054514E+02
  0.33333333  0.66666667  0.00000000      -1      0      2       0.71054514E+02
  0.33333333  0.66666667  0.00000000       0     -1     -4       0.70913994E+02
  0.33333333  0.66666667  0.00000000       0     -1      4       0.70913994E+02
  0.33333333  0.66666667  0.00000000      -1     -1     -4       0.70913994E+02
  0.33333333  0.66666667  0.00000000      -1     -1      4       0.70913994E+02
  0.33333333  0.66666667  0.00000000       0      0     -4       0.70913994E+02
  0.33333333  0.66666667  0.00000000       0      0      4       0.70913994E+02
  0.33333333  0.66666667  0.00000000       1      0     -3       0.56842298E+02
  0.33333333  0.66666667  0.00000000       1      0      3       0.56842298E+02
  0.33333333  0.66666667  0.00000000      -1     -2     -3       0.56842298E+02
  0.33333333  0.66666667  0.00000000      -1     -2      3       0.56842298E+02
  0.33333333  0.66666667  0.00000000      -1      0     -3       0.56842298E+02
  0.33333333  0.66666667  0.00000000      -1      0      3       0.56842298E+02
  0.33333333  0.66666667  0.00000000       1     -1      0       0.50755307E+02
  0.33333333  0.66666667  0.00000000       0     -2      0       0.50755307E+02
  0.33333333  0.66666667  0.00000000      -2     -2      0       0.50755307E+02
  0.33333333  0.66666667  0.00000000       1      1      0       0.50755307E+02
  0.33333333  0.66666667  0.00000000      -2     -1      0       0.50755307E+02
  0.33333333  0.66666667  0.00000000       0      1      0       0.50755307E+02
  0.66666667  0.00000000  0.00000000      -1      0      0       0.10375213E+04
  0.66666667  0.00000000  0.00000000      -1      0     -1       0.62520774E+03
  0.66666667  0.00000000  0.00000000      -1      0      1       0.62520774E+03
  0.66666667  0.00000000  0.00000000       0      0      0       0.26627699E+03
  0.66666667  0.00000000  0.00000000      -1      0     -2       0.25934376E+03
  0.66666667  0.00000000  0.00000000      -1      0      2       0.25934376E+03
  0.66666667  0.00000000  0.00000000       0      0     -1       0.22454387E+03
  0.66666667  0.00000000  0.00000000       0      0      1       0.22454387E+03
  0.66666667  0.00000000  0.00000000      -1     -1      0       0.15225558E+03
  0.66666667  0.00000000  0.00000000       0      1      0       0.15225558E+03
  0.66666667  0.00000000  0.00000000       0      0     -2       0.15214602E+03
  0.66666667  0.00000000  0.00000000       0      0      2       0.15214602E+03
  0.66666667  0.00000000  0.00000000      -1     -1     -1       0.13753736E+03
  0.66666667  0.00000000  0.00000000      -1     -1      1       0.13753736E+03
  0.66666667  0.00000000  0.00000000       0      1     -1       0.13753736E+03
  0.66666667  0.00000000  0.00000000       0      1      1       0.13753736E+03
  0.66666667  0.00000000  0.00000000      -1      0     -3       0.14116420E+03
  0.66666667  0.00000000  0.00000000      -1      0      3       0.14116420E+03
  0.66666667  0.00000000  0.00000000      -1     -1     -2       0.10657290E+03
  0.66666667  0.00000000  0.00000000      -1     -1      2       0.10657290E+03
  0.66666667  0.00000000  0.00000000       0      1     -2       0.10657290E+03
  0.66666667  0.00000000  0.00000000       0      1      2       0.10657290E+03
  0.66666667  0.00000000  0.00000000       0      0     -3       0.99208293E+02
  0.66666667  0.00000000  0.00000000       0      0      3       0.99208293E+02
  0.66666667  0.00000000  0.00000000      -1      1      0       0.81989175E+02
  0.66666667  0.00000000  0.00000000      -2     -1      0       0.81989175E+02
  0.66666667  0.00000000  0.00000000      -1      0     -4       0.79795484E+02
  0.66666667  0.00000000  0.00000000      -1      0      4       0.79795484E+02
  0.66666667  0.00000000  0.00000000      -1      1     -1       0.77516568E+02
  0.66666667  0.00000000  0.00000000      -1      1      1       0.77516568E+02
  0.66666667  0.00000000  0.00000000      -2     -1     -1       0.77516568E+02
  0.66666667  0.00000000  0.00000000      -2     -1      1       0.77516568E+02
  0.66666667  0.00000000  0.00000000      -1     -1     -3       0.77515313E+02
  0.66666667  0.00000000  0.00000000      -1     -1      3       0.77515313E+02
  0.66666667  0.00000000  0.00000000       0      1     -3       0.77515313E+02
  0.66666667  0.00000000  0.00000000       0      1      3       0.77515313E+02
  0.66666667  0.00000000  0.00000000      -2      0      0       0.66616311E+02
  0.66666667  0.00000000  0.00000000      -1      1     -2       0.66613857E+02
  0.66666667  0.00000000  0.00000000      -1      1      2       0.66613857E+02
  0.66666667  0.00000000  0.00000000      -2     -1     -2       0.66613857E+02
  0.66666667  0.00000000  0.00000000      -2     -1      2       0.66613857E+02
  0.66666667  0.00000000  0.00000000       0      0     -4       0.66559863E+02
  0.66666667  0.00000000  0.00000000       0      0      4       0.66559863E+02
  0.66666667  0.00000000  0.00000000      -2      0     -1       0.63633019E+02
  0.66666667  0.00000000  0.00000000      -2      0      1       0.63633019E+02
  0.66666667  0.00000000  0.00000000       0     -1      0       0.56097966E+02
  0.66666667  0.00000000  0.00000000       1      1      0       0.56097966E+02
  0.66666667  0.00000000  0.00000000      -2      0     -2       0.56096281E+02
  0.66666667  0.00000000  0.00000000      -2      0      2       0.56096281E+02
  0.66666667  0.00000000  0.00000000      -1     -1     -4       0.56087503E+02
  0.66666667  0.00000000  0.00000000      -1     -1      4       0.56087503E+02
  0.66666667  0.00000000  0.00000000       0      1     -4       0.56087503E+02
  0.66666667  0.00000000  0.00000000       0      1      4       0.56087503E+02
  0.66666667  0.00000000  0.00000000       0     -1     -1       0.53967293E+02
  0.66666667  0.00000000  0.00000000       0     -1      1       0.53967293E+02
  0.66666667  0.00000000  0.00000000       1      1     -1       0.53967293E+02
  0.66666667  0.00000000  0.00000000       1      1      1       0.53967293E+02
  0.66666667  0.00000000  0.00000000      -1      1     -3       0.53964317E+02
  0.66666667  0.00000000  0.00000000      -1      1      3       0.53964317E+02
  0.66666667  0.00000000  0.00000000      -2     -1     -3       0.53964317E+02
  0.66666667  0.00000000  0.00000000      -2     -1      3       0.53964317E+02
  0.66666667  0.00000000  0.00000000      -1      0     -5       0.55392731E+02
  0.66666667  0.00000000  0.00000000      -1      0      5       0.55392731E+02
  0.66666667  0.33333333  0.00000000      -1      0      0       0.35462330E+03
  0.66666667  0.33333333  0.00000000      -1     -1      0       0.35462330E+03
  0.66666667  0.33333333  0.00000000       0      0      0       0.35462330E+03
  0.66666667  0.33333333  0.00000000      -1      0     -1       0.28475012E+03
  0.66666667  0.33333333  0.00000000      -1      0      1       0.28475012E+03
  0.66666667  0.33333333  0.00000000      -1     -1     -1       0.28475012E+03
  0.66666667  0.33333333  0.00000000      -1     -1      1       0.28475012E+03
  0.66666667  0.33333333  0.00000000       0      0     -1       0.28475012E+03
  0.66666667  0.33333333  0.00000000       0      0      1       0.28475012E+03
  0.66666667  0.33333333  0.00000000      -1      0     -2       0.17729498E+03
  0.66666667  0.33333333  0.00000000      -1      0      2       0.17729498E+03
  0.66666667  0.33333333  0.00000000      -1     -1     -2       0.17729498E+03
  0.66666667  0.33333333  0.00000000      -1     -1      2       0.17729498E+03
  0.66666667  0.33333333  0.00000000       0      0     -2       0.17729498E+03
  0.66666667  0.33333333  0.00000000       0      0      2       0.17729498E+03
  0.66666667  0.33333333  0.00000000      -1      0     -3       0.10950914E+03
  0.66666667  0.33333333  0.00000000      -1      0      3       0.10950914E+03
  0.66666667  0.33333333  0.00000000      -1     -1     -3       0.10950914E+03
  0.66666667  0.33333333  0.00000000      -1     -1      3       0.10950914E+03
  0.66666667  0.33333333  0.00000000       0      0     -3       0.10950914E+03
  0.66666667  0.33333333  0.00000000       0      0      3       0.10950914E+03
  0.66666667  0.33333333  0.00000000      -2     -1      0       0.88821482E+02
  0.66666667  0.33333333  0.00000000       0      1      0       0.88821482E+02
  0.66666667  0.33333333  0.00000000       0     -1      0       0.88821482E+02
  0.66666667  0.33333333  0.00000000      -2     -1     -1       0.83596348E+02
  0.66666667  0.33333333  0.00000000      -2     -1      1       0.83596348E+02
  0.66666667  0.33333333  0.00000000       0      1     -1       0.83596348E+02
  0.66666667  0.33333333  0.00000000       0      1      1       0.83596348E+02
  0.66666667  0.33333333  0.00000000       0     -1     -1       0.83596348E+02
  0.66666667  0.33333333  0.00000000       0     -1      1       0.83596348E+02
  0.66666667  0.33333333  0.00000000      -2     -1     -2       0.71054514E+02
  0.66666667  0.33333333  0.00000000      -2     -1      2       0.71054514E+02
  0.66666667  0.33333333  0.00000000       0      1     -2       0.71054514E+02
  0.66666667  0.33333333  0.00000000       0      1      2       0.71054514E+02
  0.66666667  0.33333333  0.00000000       0     -1     -2       0.71054514E+02
  0.66666667  0.33333333  0.00000000       0     -1      2       0.71054514E+02
  0.66666667  0.33333333  0.00000000      -1      0     -4       0.70913994E+02
  0.66666667  0.33333333  0.00000000      -1      0      4       0.70913994E+02
  0.66666667  0.33333333  0.00000000      -1     -1     -4       0.70913994E+02
  0.66666667  0.33333333  0.00000000      -1     -1      4       0.70913994E+02
  0.66666667  0.33333333  0.00000000       0      0     -4       0.70913994E+02
  0.66666667  0.33333333  0.00000000       0      0      4       0.70913994E+02
  0.66666667  0.33333333  0.00000000      -2     -1     -3       0.56842298E+02
  0.66666667  0.33333333  0.00000000      -2     -1      3       0.56842298E+02
  0.66666667  0.33333333  0.00000000       0      1     -3       0.56842298E+02
  0.66666667  0.33333333  0.00000000       0      1      3       0.56842298E+02
  0.66666667  0.33333333  0.00000000       0     -1     -3       0.56842298E+02
  0.66666667  0.33333333  0.00000000       0     -1      3       0.56842298E+02
  0.66666667  0.33333333  0.00000000      -2      0      0       0.50755307E+02
  0.66666667  0.33333333  0.00000000      -1      1      0       0.50755307E+02
  0.66666667  0.33333333  0.00000000       1      1      0       0.50755307E+02
  0.66666667  0.33333333  0.00000000      -2     -2      0       0.50755307E+02
  0.66666667  0.33333333  0.00000000       1      0      0       0.50755307E+02
  0.66666667  0.33333333  0.00000000      -1     -2      0       0.50755307E+02
  0.66666667  0.66666667  0.00000000      -1     -1      0       0.10375213E+04
  0.66666667  0.66666667  0.00000000      -1     -1     -1       0.62520774E+03
  0.66666667  0.66666667  0.00000000      -1     -1      1       0.62520774E+03
  0.66666667  0.66666667  0.00000000       0      0      0       0.26627699E+03
  0.66666667  0.66666667  0.00000000      -1     -1     -2       0.25934376E+03
  0.66666667  0.66666667  0.00000000      -1     -1      2       0.25934376E+03
  0.66666667  0.66666667  0.00000000       0      0     -1       0.22454387E+03
  0.66666667  0.66666667  0.00000000       0      0      1       0.22454387E+03
  0.66666667  0.66666667  0.00000000      -1      0      0       0.15225558E+03
  0.66666667  0.66666667  0.00000000       0     -1      0       0.15225558E+03
  0.66666667  0.66666667  0.00000000       0      0     -2       0.15214602E+03
  0.66666667  0.66666667  0.00000000       0      0      2       0.15214602E+03
  0.66666667  0.66666667  0.00000000      -1      0     -1       0.13753736E+03
  0.66666667  0.66666667  0.00000000      -1      0      1       0.13753736E+03
  0.66666667  0.66666667  0.00000000       0     -1     -1       0.13753736E+03
  0.66666667  0.66666667  0.00000000       0     -1      1       0.13753736E+03
  0.66666667  0.66666667  0.00000000      -1     -1     -3       0.14116420E+03
  0.66666667  0.66666667  0.00000000      -1     -1      3       0.14116420E+03
  0.66666667  0.66666667  0.00000000      -1      0     -2       0.10657290E+03
  0.66666667  0.66666667  0.00000000      -1      0      2       0.10657290E+03
  0.66666667  0.66666667  0.00000000       0     -1     -2       0.10657290E+03
  0.66666667  0.66666667  0.00000000       0     -1      2       0.10657290E+03
  0.66666667  0.66666667  0.00000000       0      0     -3       0.99208293E+02
  0.66666667  0.66666667  0.00000000       0      0      3       0.99208293E+02
  0.66666667  0.66666667  0.00000000      -2     -1      0       0.81989175E+02
  0.66666667  0.66666667  0.00000000      -1     -2      0       0.81989175E+02
  0.66666667  0.66666667  0.00000000      -1     -1     -4       0.79795484E+02
  0.66666667  0.66666667  0.00000000      -1     -1      4       0.79795484E+02
  0.66666667  0.66666667  0.00000000      -2     -1     -1       0.77516568E+02
  0.66666667  0.66666667  0.00000000      -2     -1      1       0.77516568E+02
  0.66666667  0.66666667  0.00000000      -1     -2     -1       0.77516568E+02
  0.66666667  0.66666667  0.00000000      -1     -2      1       0.77516568E+02
  0.66666667  0.66666667  0.00000000      -1      0     -3       0.77515313E+02
  0.66666667  0.66666667  0.00000000      -1      0      3       0.77515313E+02
  0.66666667  0.66666667  0.00000000       0     -1     -3       0.77515313E+02
  0.66666667  0.66666667  0.00000000       0     -1      3       0.77515313E+02
  0.66666667  0.66666667  0.00000000      -2     -2      0       0.66616311E+02
  0.66666667  0.66666667  0.00000000      -2     -1     -2       0.66613857E+02
  0.66666667  0.66666667  0.00000000      -2     -1      2       0.66613857E+02
  0.66666667  0.66666667  0.00000000      -1     -2     -2       0.66613857E+02
  0.66666667  0.66666667  0.00000000      -1     -2      2       0.66613857E+02
  0.66666667  0.66666667  0.00000000       0      0     -4       0.66559863E+02
  0.66666667  0.66666667  0.00000000       0      0      4       0.66559863E+02
  0.66666667  0.66666667  0.00000000      -2     -2     -1       0.63633019E+02
  0.66666667  0.66666667  0.00000000      -2     -2      1       0.63633019E+02
  0.66666667  0.66666667  0.00000000       1      0      0       0.56097966E+02
  0.66666667  0.66666667  0.00000000       0      1      0       0.56097966E+02
  0.66666667  0.66666667  0.00000000      -2     -2     -2       0.56096281E+02
  0.66666667  0.66666667  0.00000000      -2     -2      2       0.56096281E+02
  0.66666667  0.66666667  0.00000000      -1      0     -4       0.56087503E+02
  0.66666667  0.66666667  0.00000000      -1      0      4       0.56087503E+02
  0.66666667  0.66666667  0.00000000       0     -1     -4       0.56087503E+02
  0.66666667  0.66666667  0.00000000       0     -1      4       0.56087503E+02
  0.66666667  0.66666667  0.00000000       1      0     -1       0.53967293E+02
  0.66666667  0.66666667  0.00000000       1      0      1       0.53967293E+02
  0.66666667  0.66666667  0.00000000       0      1     -1       0.53967293E+02
  0.66666667  0.66666667  0.00000000       0      1      1       0.53967293E+02
  0.66666667  0.66666667  0.00000000      -2     -1     -3       0.53964317E+02
  0.66666667  0.66666667  0.00000000      -2     -1      3       0.53964317E+02
  0.66666667  0.66666667  0.00000000      -1     -2     -3       0.53964317E+02
  0.66666667  0.66666667  0.00000000      -1     -2      3       0.53964317E+02
  0.66666667  0.66666667  0.00000000      -1     -1     -5       0.55392731E+02
  0.66666667  0.66666667  0.00000000      -1     -1      5       0.55392731E+02
