0.0000000000  0.0000000000  0.0000000000  1.0
0.7142857143  0.1428571429  0.0000000000  1.0
0.4285714286  0.2857142857  0.0000000000  1.0
0.1428571429  0.4285714286  0.0000000000  1.0
0.8571428571  0.5714285714  0.0000000000  1.0
0.5714285714  0.7142857143  0.0000000000  1.0
0.2857142857  0.8571428571  0.0000000000  1.0
0.9047619048  0.0476190476  0.0000000000  1.0
0.6190476191  0.1904761905  0.0000000000  1.0
0.3333333333  0.3333333333  0.0000000000  1.0
0.0476190476  0.4761904762  0.0000000000  1.0
0.7619047619  0.6190476190  0.0000000000  1.0
0.4761904762  0.7619047619  0.0000000000  1.0
0.1904761905  0.9047619048  0.0000000000  1.0
0.8095238095  0.0952380952  0.0000000000  1.0
0.5238095238  0.2380952381  0.0000000000  1.0
0.2380952381  0.3809523810  0.0000000000  1.0
0.9523809524  0.5238095238  0.0000000000  1.0
0.6666666667  0.6666666667  0.0000000000  1.0
0.3809523809  0.8095238095  0.0000000000  1.0
0.0952380952  0.9523809524  0.0000000000  1.0
0.1428571428  0.0952380952  0.0000000000  1.0
0.8571428571  0.2380952381  0.0000000000  1.0
0.5714285714  0.3809523809  0.0000000000  1.0
0.2857142857  0.5238095238  0.0000000000  1.0
-0.0000000000  0.6666666667  0.0000000000  1.0
0.7142857143  0.8095238095  0.0000000000  1.0
0.4285714286  0.9523809524  0.0000000000  1.0
0.3333333333  -0.0000000000  0.0000000000  1.0
0.0476190476  0.1428571428  0.0000000000  1.0
0.7619047619  0.2857142857  0.0000000000  1.0
0.4761904762  0.4285714286  0.0000000000  1.0
0.1904761905  0.5714285714  0.0000000000  1.0
0.9047619048  0.7142857143  0.0000000000  1.0
0.6190476190  0.8571428571  0.0000000000  1.0
0.2380952381  0.0476190476  0.0000000000  1.0
0.9523809524  0.1904761905  0.0000000000  1.0
0.6666666666  0.3333333333  0.0000000000  1.0
0.3809523809  0.4761904762  0.0000000000  1.0
0.0952380952  0.6190476190  0.0000000000  1.0
0.8095238095  0.7619047619  0.0000000000  1.0
0.5238095238  0.9047619048  0.0000000000  1.0
0.5714285714  0.0476190476  0.0000000000  1.0
0.2857142857  0.1904761905  0.0000000000  1.0
0.0000000000  0.3333333333  0.0000000000  1.0
0.7142857143  0.4761904762  0.0000000000  1.0
0.4285714286  0.6190476191  0.0000000000  1.0
0.1428571429  0.7619047619  0.0000000000  1.0
0.8571428572  0.9047619048  0.0000000000  1.0
0.4761904762  0.0952380952  0.0000000000  1.0
0.1904761905  0.2380952381  0.0000000000  1.0
0.9047619048  0.3809523810  0.0000000000  1.0
0.6190476191  0.5238095238  0.0000000000  1.0
0.3333333334  0.6666666667  0.0000000000  1.0
0.0476190476  0.8095238095  0.0000000000  1.0
0.7619047619  0.9523809524  0.0000000000  1.0
0.6666666667  0.0000000000  0.0000000000  1.0
0.3809523810  0.1428571429  0.0000000000  1.0
0.0952380952  0.2857142857  0.0000000000  1.0
0.8095238095  0.4285714286  0.0000000000  1.0
0.5238095238  0.5714285714  0.0000000000  1.0
0.2380952381  0.7142857143  0.0000000000  1.0
0.9523809524  0.8571428572  0.0000000000  1.0
