0.000000000000000000e+00 0.000000000000000000e+00 0.000000000000000000e+00
7.142857142857143016e-01 -2.474358296482505881e-01 0.000000000000000000e+00
4.285714285714286031e-01 8.247860988275015903e-02 0.000000000000000000e+00
1.428571428571429047e-01 4.123930494137510450e-01 0.000000000000000000e+00
8.571428571428572063e-01 1.649572197655003181e-01 0.000000000000000000e+00
5.714285714285715079e-01 4.948716592965011762e-01 0.000000000000000000e+00
2.857142857142858094e-01 8.247860988275020899e-01 0.000000000000000000e+00
9.047619047714285934e-01 -4.673787893465816690e-01 0.000000000000000000e+00
6.190476190571428949e-01 -1.374643498155808663e-01 0.000000000000000000e+00
3.333333333428571965e-01 1.924500897154199641e-01 0.000000000000000000e+00
4.761904762857149809e-02 5.223645292464208501e-01 0.000000000000000000e+00
7.619047619142857997e-01 2.749286995981702342e-01 0.000000000000000000e+00
4.761904762000001012e-01 6.048431391291710923e-01 0.000000000000000000e+00
1.904761904857144028e-01 9.347575786601718395e-01 0.000000000000000000e+00
8.095238095142857082e-01 -3.574073094809205320e-01 0.000000000000000000e+00
5.238095238000000098e-01 -2.749286994991961830e-02 0.000000000000000000e+00
2.380952380857143391e-01 3.024215695810812399e-01 0.000000000000000000e+00
9.523809523714286129e-01 5.498573993283062400e-02 0.000000000000000000e+00
6.666666666571429145e-01 3.849001794638314822e-01 0.000000000000000000e+00
3.809523809428572161e-01 7.148146189948323403e-01 0.000000000000000000e+00
9.523809522857151766e-02 1.044729058525833310e+00 0.000000000000000000e+00
1.428571428428571377e-01 2.749286995816745127e-02 0.000000000000000000e+00
8.571428571285714115e-01 -2.199429596900832062e-01 0.000000000000000000e+00
5.714285714142857131e-01 1.099714798409177074e-01 0.000000000000000000e+00
2.857142857000000147e-01 4.398859193719185101e-01 0.000000000000000000e+00
-1.428568374706173927e-11 7.698003589029194238e-01 0.000000000000000000e+00
7.142857142714286178e-01 5.223645292546688079e-01 0.000000000000000000e+00
4.285714285571429194e-01 8.522789687856695551e-01 0.000000000000000000e+00
3.333333333285714017e-01 -1.924500897401636157e-01 0.000000000000000000e+00
4.761904761428571720e-02 1.374643497908372147e-01 0.000000000000000000e+00
7.619047619000000049e-01 -1.099714798574133456e-01 0.000000000000000000e+00
4.761904761857143065e-01 2.199429596735874570e-01 0.000000000000000000e+00
1.904761904714286080e-01 5.498573992045882042e-01 0.000000000000000000e+00
9.047619047571429096e-01 3.024215695563376993e-01 0.000000000000000000e+00
6.190476190428572112e-01 6.323360090873385575e-01 0.000000000000000000e+00
2.380952380714285721e-01 -8.247860987450235382e-02 0.000000000000000000e+00
9.523809523571429292e-01 -3.299144395227529558e-01 0.000000000000000000e+00
6.666666666428571197e-01 8.247846849940287939e-12 0.000000000000000000e+00
3.809523809285714768e-01 3.299144395392487050e-01 0.000000000000000000e+00
9.523809521428577840e-02 6.598288790702494522e-01 0.000000000000000000e+00
8.095238095000001355e-01 4.123930494219989473e-01 0.000000000000000000e+00
5.238095237857144371e-01 7.423074889529996945e-01 0.000000000000000000e+00
5.714285714428570806e-01 -2.749286996064180255e-01 0.000000000000000000e+00
2.857142857285714377e-01 5.498573992458277715e-02 0.000000000000000000e+00
1.428573925821297053e-11 3.849001794555836353e-01 0.000000000000000000e+00
7.142857143000000963e-01 1.374643498073330194e-01 0.000000000000000000e+00
4.285714285857143979e-01 4.673787893383337666e-01 0.000000000000000000e+00
1.428571428714286995e-01 7.972932288693346248e-01 0.000000000000000000e+00
8.571428571571430011e-01 5.498573992210838979e-01 0.000000000000000000e+00
4.761904762142857295e-01 -1.649572197737483037e-01 0.000000000000000000e+00
1.904761905000000310e-01 1.649572197572525267e-01 0.000000000000000000e+00
9.047619047857143881e-01 -8.247860989099808915e-02 0.000000000000000000e+00
6.190476190714286897e-01 2.474358296400027135e-01 0.000000000000000000e+00
3.333333333571429913e-01 5.773502691710036272e-01 0.000000000000000000e+00
4.761904764285729286e-02 9.072647087020044854e-01 0.000000000000000000e+00
7.619047619285715944e-01 6.598288790537536475e-01 0.000000000000000000e+00
6.666666666714285983e-01 -3.849001794390878861e-01 0.000000000000000000e+00
3.809523809571428998e-01 -5.498573990808705569e-02 0.000000000000000000e+00
9.523809524285717365e-02 2.749286996229137747e-01 0.000000000000000000e+00
8.095238095285715030e-01 2.749286997466310334e-02 0.000000000000000000e+00
5.238095238142858046e-01 3.574073095056639615e-01 0.000000000000000000e+00
2.380952381000001061e-01 6.873217490366647642e-01 0.000000000000000000e+00
9.523809523857144077e-01 4.398859193884141483e-01 0.000000000000000000e+00
