   0.0010000000     0.0000000000     0.0000000000  1.0
   0.7152857143     0.1428571429     0.0000000000  1.0
   0.4295714286     0.2857142857     0.0000000000  1.0
   0.1438571429     0.4285714286     0.0000000000  1.0
   0.8581428571     0.5714285714     0.0000000000  1.0
   0.5724285714     0.7142857143     0.0000000000  1.0
   0.2867142857     0.8571428571     0.0000000000  1.0
   0.9057619048     0.0476190476     0.0000000000  1.0
   0.6200476191     0.1904761905     0.0000000000  1.0
   0.3343333333     0.3333333333     0.0000000000  1.0
   0.0486190476     0.4761904762     0.0000000000  1.0
   0.7629047619     0.6190476190     0.0000000000  1.0
   0.4771904762     0.7619047619     0.0000000000  1.0
   0.1914761905     0.9047619048     0.0000000000  1.0
   0.8105238095     0.0952380952     0.0000000000  1.0
   0.5248095238     0.2380952381     0.0000000000  1.0
   0.2390952381     0.3809523810     0.0000000000  1.0
   0.9533809524     0.5238095238     0.0000000000  1.0
   0.6676666667     0.6666666667     0.0000000000  1.0
   0.3819523809     0.8095238095     0.0000000000  1.0
   0.0962380952     0.9523809524     0.0000000000  1.0
   0.1438571428     0.0952380952     0.0000000000  1.0
   0.8581428571     0.2380952381     0.0000000000  1.0
   0.5724285714     0.3809523809     0.0000000000  1.0
   0.2867142857     0.5238095238     0.0000000000  1.0
   0.0010000000     0.6666666667     0.0000000000  1.0
   0.7152857143     0.8095238095     0.0000000000  1.0
   0.4295714286     0.9523809524     0.0000000000  1.0
   0.3343333333    -0.0000000000     0.0000000000  1.0
   0.0486190476     0.1428571428     0.0000000000  1.0
   0.7629047619     0.2857142857     0.0000000000  1.0
   0.4771904762     0.4285714286     0.0000000000  1.0
   0.1914761905     0.5714285714     0.0000000000  1.0
   0.9057619048     0.7142857143     0.0000000000  1.0
   0.6200476190     0.8571428571     0.0000000000  1.0
   0.2390952381     0.0476190476     0.0000000000  1.0
   0.9533809524     0.1904761905     0.0000000000  1.0
   0.6676666666     0.3333333333     0.0000000000  1.0
   0.3819523809     0.4761904762     0.0000000000  1.0
   0.0962380952     0.6190476190     0.0000000000  1.0
   0.8105238095     0.7619047619     0.0000000000  1.0
   0.5248095238     0.9047619048     0.0000000000  1.0
   0.5724285714     0.0476190476     0.0000000000  1.0
   0.2867142857     0.1904761905     0.0000000000  1.0
   0.0010000000     0.3333333333     0.0000000000  1.0
   0.7152857143     0.4761904762     0.0000000000  1.0
   0.4295714286     0.6190476191     0.0000000000  1.0
   0.1438571429     0.7619047619     0.0000000000  1.0
   0.8581428572     0.9047619048     0.0000000000  1.0
   0.4771904762     0.0952380952     0.0000000000  1.0
   0.1914761905     0.2380952381     0.0000000000  1.0
   0.9057619048     0.3809523810     0.0000000000  1.0
   0.6200476191     0.5238095238     0.0000000000  1.0
   0.3343333334     0.6666666667     0.0000000000  1.0
   0.0486190476     0.8095238095     0.0000000000  1.0
   0.7629047619     0.9523809524     0.0000000000  1.0
   0.6676666667     0.0000000000     0.0000000000  1.0
   0.3819523810     0.1428571429     0.0000000000  1.0
   0.0962380952     0.2857142857     0.0000000000  1.0
   0.8105238095     0.4285714286     0.0000000000  1.0
   0.5248095238     0.5714285714     0.0000000000  1.0
   0.2390952381     0.7142857143     0.0000000000  1.0
   0.9533809524     0.8571428572     0.0000000000  1.0
