0.0000000000  0.0000000000  0.0000000000  1.0
0.2267573696  -0.0785510570  0.0000000000  1.0
0.1360544218  0.0261836857  0.0000000000  1.0
0.0453514739  0.1309184284  0.0000000000  1.0
0.2721088435  0.0523673714  0.0000000000  1.0
0.1814058957  0.1571021141  0.0000000000  1.0
0.0907029478  0.2618368568  0.0000000000  1.0
0.2872260015  -0.1483742188  0.0000000000  1.0
0.1965230537  -0.0436394761  0.0000000000  1.0
0.1058201058  0.0610952666  0.0000000000  1.0
0.0151171580  0.1658300093  0.0000000000  1.0
0.2418745276  0.0872789523  0.0000000000  1.0
0.1511715797  0.1920136950  0.0000000000  1.0
0.0604686319  0.2967484377  0.0000000000  1.0
0.2569916856  -0.1134626379  0.0000000000  1.0
0.1662887377  -0.0087278952  0.0000000000  1.0
0.0755857899  0.0960068475  0.0000000000  1.0
0.3023431595  0.0174557905  0.0000000000  1.0
0.2116402116  0.1221905332  0.0000000000  1.0
0.1209372638  0.2269252759  0.0000000000  1.0
0.0302343159  0.3316600186  0.0000000000  1.0
0.0453514739  0.0087278952  0.0000000000  1.0
0.2721088435  -0.0698231618  0.0000000000  1.0
0.1814058957  0.0349115809  0.0000000000  1.0
0.0907029478  0.1396463236  0.0000000000  1.0
-0.0000000000  0.2443810663  0.0000000000  1.0
0.2267573696  0.1658300093  0.0000000000  1.0
0.1360544218  0.2705647520  0.0000000000  1.0
0.1058201058  -0.0610952666  0.0000000000  1.0
0.0151171580  0.0436394761  0.0000000000  1.0
0.2418745276  -0.0349115809  0.0000000000  1.0
0.1511715797  0.0698231618  0.0000000000  1.0
0.0604686319  0.1745579045  0.0000000000  1.0
0.2872260015  0.0960068475  0.0000000000  1.0
0.1965230537  0.2007415902  0.0000000000  1.0
0.0755857899  -0.0261836857  0.0000000000  1.0
0.3023431595  -0.1047347427  0.0000000000  1.0
0.2116402116  0.0000000000  0.0000000000  1.0
0.1209372638  0.1047347427  0.0000000000  1.0
0.0302343159  0.2094694854  0.0000000000  1.0
0.2569916856  0.1309184284  0.0000000000  1.0
0.1662887377  0.2356531711  0.0000000000  1.0
0.1814058957  -0.0872789523  0.0000000000  1.0
0.0907029479  0.0174557905  0.0000000000  1.0
0.0000000000  0.1221905332  0.0000000000  1.0
0.2267573696  0.0436394761  0.0000000000  1.0
0.1360544218  0.1483742188  0.0000000000  1.0
0.0453514739  0.2531089616  0.0000000000  1.0
0.2721088435  0.1745579045  0.0000000000  1.0
0.1511715798  -0.0523673714  0.0000000000  1.0
0.0604686319  0.0523673714  0.0000000000  1.0
0.2872260015  -0.0261836857  0.0000000000  1.0
0.1965230537  0.0785510570  0.0000000000  1.0
0.1058201058  0.1832857997  0.0000000000  1.0
0.0151171580  0.2880205425  0.0000000000  1.0
0.2418745276  0.2094694854  0.0000000000  1.0
0.2116402116  -0.1221905332  0.0000000000  1.0
0.1209372638  -0.0174557904  0.0000000000  1.0
0.0302343160  0.0872789523  0.0000000000  1.0
0.2569916856  0.0087278952  0.0000000000  1.0
0.1662887377  0.1134626379  0.0000000000  1.0
0.0755857899  0.2181973807  0.0000000000  1.0
0.3023431595  0.1396463236  0.0000000000  1.0
