  0.00042857  0.00028571  0.00000000       0      0      0       0.12817318E+07
  0.00042857  0.00028571  0.00000000       0      0     -1       0.28263513E+04
  0.00042857  0.00028571  0.00000000       0      0      1       0.28263513E+04
  0.00042857  0.00028571  0.00000000       0      0     -2       0.38444607E+01
  0.00042857  0.00028571  0.00000000       0      0      2       0.38444607E+01
  0.00042857  0.00028571  0.00000000       0      0     -3       0.31404238E+03
  0.00042857  0.00028571  0.00000000       0      0      3       0.31404238E+03
  0.00042857  0.00028571  0.00000000       0      0     -4       0.96111735E+00
  0.00042857  0.00028571  0.00000000       0      0      4       0.96111735E+00
  0.00042857  0.00028571  0.00000000       0      0     -5       0.11305535E+03
  0.00042857  0.00028571  0.00000000       0      0      5       0.11305535E+03
  0.71428571  0.14285714  0.00000000      -1      0      0       0.11842683E+03
  0.71428571  0.14285714  0.00000000      -1      0     -1       0.10931960E+03
  0.71428571  0.14285714  0.00000000      -1      0      1       0.10931960E+03
  0.71428571  0.14285714  0.00000000      -1      0     -2       0.88815948E+02
  0.71428571  0.14285714  0.00000000      -1      0      2       0.88815948E+02
  0.71428571  0.14285714  0.00000000      -1      0     -3       0.67669566E+02
  0.71428571  0.14285714  0.00000000      -1      0      3       0.67669566E+02
  0.71428571  0.14285714  0.00000000      -1      0     -4       0.50748904E+02
  0.71428571  0.14285714  0.00000000      -1      0      4       0.50748904E+02
  0.42857143  0.28571429  0.00000000       0      0      0       0.11842683E+03
  0.42857143  0.28571429  0.00000000       0      0     -1       0.10931960E+03
  0.42857143  0.28571429  0.00000000       0      0      1       0.10931960E+03
  0.42857143  0.28571429  0.00000000       0      0     -2       0.88815948E+02
  0.42857143  0.28571429  0.00000000       0      0      2       0.88815948E+02
  0.42857143  0.28571429  0.00000000       0      0     -3       0.67669566E+02
  0.42857143  0.28571429  0.00000000       0      0      3       0.67669566E+02
  0.42857143  0.28571429  0.00000000       0      0     -4       0.50748904E+02
  0.42857143  0.28571429  0.00000000       0      0      4       0.50748904E+02
  0.14285714  0.42857143  0.00000000       0      0      0       0.11842683E+03
  0.14285714  0.42857143  0.00000000       0      0     -1       0.10931960E+03
  0.14285714  0.42857143  0.00000000       0      0      1       0.10931960E+03
  0.14285714  0.42857143  0.00000000       0      0     -2       0.88815948E+02
  0.14285714  0.42857143  0.00000000       0      0      2       0.88815948E+02
  0.14285714  0.42857143  0.00000000       0      0     -3       0.67669566E+02
  0.14285714  0.42857143  0.00000000       0      0      3       0.67669566E+02
  0.14285714  0.42857143  0.00000000       0      0     -4       0.50748904E+02
  0.14285714  0.42857143  0.00000000       0      0      4       0.50748904E+02
  0.85714286  0.57142857  0.00000000      -1     -1      0       0.11842683E+03
  0.85714286  0.57142857  0.00000000      -1     -1     -1       0.10931960E+03
  0.85714286  0.57142857  0.00000000      -1     -1      1       0.10931960E+03
  0.85714286  0.57142857  0.00000000      -1     -1     -2       0.88815948E+02
  0.85714286  0.57142857  0.00000000      -1     -1      2       0.88815948E+02
  0.85714286  0.57142857  0.00000000      -1     -1     -3       0.67669566E+02
  0.85714286  0.57142857  0.00000000      -1     -1      3       0.67669566E+02
  0.85714286  0.57142857  0.00000000      -1     -1     -4       0.50748904E+02
  0.85714286  0.57142857  0.00000000      -1     -1      4       0.50748904E+02
  0.57142857  0.71428571  0.00000000      -1     -1      0       0.11842683E+03
  0.57142857  0.71428571  0.00000000      -1     -1     -1       0.10931960E+03
  0.57142857  0.71428571  0.00000000      -1     -1      1       0.10931960E+03
  0.57142857  0.71428571  0.00000000      -1     -1     -2       0.88815948E+02
  0.57142857  0.71428571  0.00000000      -1     -1      2       0.88815948E+02
  0.57142857  0.71428571  0.00000000      -1     -1     -3       0.67669566E+02
  0.57142857  0.71428571  0.00000000      -1     -1      3       0.67669566E+02
  0.57142857  0.71428571  0.00000000      -1     -1     -4       0.50748904E+02
  0.57142857  0.71428571  0.00000000      -1     -1      4       0.50748904E+02
  0.28571429  0.85714286  0.00000000       0     -1      0       0.11842683E+03
  0.28571429  0.85714286  0.00000000       0     -1     -1       0.10931960E+03
  0.28571429  0.85714286  0.00000000       0     -1      1       0.10931960E+03
  0.28571429  0.85714286  0.00000000       0     -1     -2       0.88815948E+02
  0.28571429  0.85714286  0.00000000       0     -1      2       0.88815948E+02
  0.28571429  0.85714286  0.00000000       0     -1     -3       0.67669566E+02
  0.28571429  0.85714286  0.00000000       0     -1      3       0.67669566E+02
  0.28571429  0.85714286  0.00000000       0     -1     -4       0.50748904E+02
  0.28571429  0.85714286  0.00000000       0     -1      4       0.50748904E+02
  0.90476190  0.04761905  0.00000000      -1      0      0       0.10375213E+04
  0.90476190  0.04761905  0.00000000      -1      0     -1       0.62520774E+03
  0.90476190  0.04761905  0.00000000      -1      0      1       0.62520774E+03
  0.90476190  0.04761905  0.00000000      -1      0     -2       0.25934376E+03
  0.90476190  0.04761905  0.00000000      -1      0      2       0.25934376E+03
  0.90476190  0.04761905  0.00000000      -1      0     -3       0.14116420E+03
  0.90476190  0.04761905  0.00000000      -1      0      3       0.14116420E+03
  0.90476190  0.04761905  0.00000000      -1      0     -4       0.79795484E+02
  0.90476190  0.04761905  0.00000000      -1      0      4       0.79795484E+02
  0.90476190  0.04761905  0.00000000      -1      0     -5       0.55392731E+02
  0.90476190  0.04761905  0.00000000      -1      0      5       0.55392731E+02
  0.61904762  0.19047619  0.00000000      -1      0      0       0.66616311E+02
  0.61904762  0.19047619  0.00000000      -1      0     -1       0.63633019E+02
  0.61904762  0.19047619  0.00000000      -1      0      1       0.63633019E+02
  0.61904762  0.19047619  0.00000000       0      0      0       0.56097966E+02
  0.61904762  0.19047619  0.00000000      -1      0     -2       0.56096281E+02
  0.61904762  0.19047619  0.00000000      -1      0      2       0.56096281E+02
  0.61904762  0.19047619  0.00000000       0      0     -1       0.53967293E+02
  0.61904762  0.19047619  0.00000000       0      0      1       0.53967293E+02
  0.33333333  0.33333333  0.00000000       0      0      0       0.15225558E+03
  0.33333333  0.33333333  0.00000000       0      0     -1       0.13753736E+03
  0.33333333  0.33333333  0.00000000       0      0      1       0.13753736E+03
  0.33333333  0.33333333  0.00000000       0      0     -2       0.10657290E+03
  0.33333333  0.33333333  0.00000000       0      0      2       0.10657290E+03
  0.33333333  0.33333333  0.00000000       0      0     -3       0.77515313E+02
  0.33333333  0.33333333  0.00000000       0      0      3       0.77515313E+02
  0.33333333  0.33333333  0.00000000       0      0     -4       0.56087503E+02
  0.33333333  0.33333333  0.00000000       0      0      4       0.56087503E+02
  0.04761905  0.47619048  0.00000000       0      0      0       0.81989175E+02
  0.04761905  0.47619048  0.00000000       0      0     -1       0.77516568E+02
  0.04761905  0.47619048  0.00000000       0      0      1       0.77516568E+02
  0.04761905  0.47619048  0.00000000       0      0     -2       0.66613857E+02
  0.04761905  0.47619048  0.00000000       0      0      2       0.66613857E+02
  0.04761905  0.47619048  0.00000000       0     -1      0       0.56097966E+02
  0.04761905  0.47619048  0.00000000       0     -1     -1       0.53967293E+02
  0.04761905  0.47619048  0.00000000       0     -1      1       0.53967293E+02
  0.04761905  0.47619048  0.00000000       0      0     -3       0.53964317E+02
  0.04761905  0.47619048  0.00000000       0      0      3       0.53964317E+02
  0.76190476  0.61904762  0.00000000      -1     -1      0       0.15225558E+03
  0.76190476  0.61904762  0.00000000      -1     -1     -1       0.13753736E+03
  0.76190476  0.61904762  0.00000000      -1     -1      1       0.13753736E+03
  0.76190476  0.61904762  0.00000000      -1     -1     -2       0.10657290E+03
  0.76190476  0.61904762  0.00000000      -1     -1      2       0.10657290E+03
  0.76190476  0.61904762  0.00000000      -1     -1     -3       0.77515313E+02
  0.76190476  0.61904762  0.00000000      -1     -1      3       0.77515313E+02
  0.76190476  0.61904762  0.00000000      -1     -1     -4       0.56087503E+02
  0.76190476  0.61904762  0.00000000      -1     -1      4       0.56087503E+02
  0.47619048  0.76190476  0.00000000      -1     -1      0       0.81989175E+02
  0.47619048  0.76190476  0.00000000      -1     -1     -1       0.77516568E+02
  0.47619048  0.76190476  0.00000000      -1     -1      1       0.77516568E+02
  0.47619048  0.76190476  0.00000000      -1     -1     -2       0.66613857E+02
  0.47619048  0.76190476  0.00000000      -1     -1      2       0.66613857E+02
  0.47619048  0.76190476  0.00000000      -1     -1     -3       0.53964317E+02
  0.47619048  0.76190476  0.00000000      -1     -1      3       0.53964317E+02
  0.19047619  0.90476190  0.00000000       0     -1      0       0.26627699E+03
  0.19047619  0.90476190  0.00000000       0     -1     -1       0.22454387E+03
  0.19047619  0.90476190  0.00000000       0     -1      1       0.22454387E+03
  0.19047619  0.90476190  0.00000000       0     -1     -2       0.15214602E+03
  0.19047619  0.90476190  0.00000000       0     -1      2       0.15214602E+03
  0.19047619  0.90476190  0.00000000       0     -1     -3       0.99208293E+02
  0.19047619  0.90476190  0.00000000       0     -1      3       0.99208293E+02
  0.19047619  0.90476190  0.00000000       0     -1     -4       0.66559863E+02
  0.19047619  0.90476190  0.00000000       0     -1      4       0.66559863E+02
  0.80952381  0.09523810  0.00000000      -1      0      0       0.26627699E+03
  0.80952381  0.09523810  0.00000000      -1      0     -1       0.22454387E+03
  0.80952381  0.09523810  0.00000000      -1      0      1       0.22454387E+03
  0.80952381  0.09523810  0.00000000      -1      0     -2       0.15214602E+03
  0.80952381  0.09523810  0.00000000      -1      0      2       0.15214602E+03
  0.80952381  0.09523810  0.00000000      -1      0     -3       0.99208293E+02
  0.80952381  0.09523810  0.00000000      -1      0      3       0.99208293E+02
  0.80952381  0.09523810  0.00000000      -1      0     -4       0.66559863E+02
  0.80952381  0.09523810  0.00000000      -1      0      4       0.66559863E+02
  0.52380952  0.23809524  0.00000000       0      0      0       0.81989175E+02
  0.52380952  0.23809524  0.00000000       0      0     -1       0.77516568E+02
  0.52380952  0.23809524  0.00000000       0      0      1       0.77516568E+02
  0.52380952  0.23809524  0.00000000       0      0     -2       0.66613857E+02
  0.52380952  0.23809524  0.00000000       0      0      2       0.66613857E+02
  0.52380952  0.23809524  0.00000000       0      0     -3       0.53964317E+02
  0.52380952  0.23809524  0.00000000       0      0      3       0.53964317E+02
  0.23809524  0.38095238  0.00000000       0      0      0       0.15225558E+03
  0.23809524  0.38095238  0.00000000       0      0     -1       0.13753736E+03
  0.23809524  0.38095238  0.00000000       0      0      1       0.13753736E+03
  0.23809524  0.38095238  0.00000000       0      0     -2       0.10657290E+03
  0.23809524  0.38095238  0.00000000       0      0      2       0.10657290E+03
  0.23809524  0.38095238  0.00000000       0      0     -3       0.77515313E+02
  0.23809524  0.38095238  0.00000000       0      0      3       0.77515313E+02
  0.23809524  0.38095238  0.00000000       0      0     -4       0.56087503E+02
  0.23809524  0.38095238  0.00000000       0      0      4       0.56087503E+02
  0.95238095  0.52380952  0.00000000      -1     -1      0       0.81989175E+02
  0.95238095  0.52380952  0.00000000      -1     -1     -1       0.77516568E+02
  0.95238095  0.52380952  0.00000000      -1     -1      1       0.77516568E+02
  0.95238095  0.52380952  0.00000000      -1     -1     -2       0.66613857E+02
  0.95238095  0.52380952  0.00000000      -1     -1      2       0.66613857E+02
  0.95238095  0.52380952  0.00000000      -1      0      0       0.56097966E+02
  0.95238095  0.52380952  0.00000000      -1      0     -1       0.53967293E+02
  0.95238095  0.52380952  0.00000000      -1      0      1       0.53967293E+02
  0.95238095  0.52380952  0.00000000      -1     -1     -3       0.53964317E+02
  0.95238095  0.52380952  0.00000000      -1     -1      3       0.53964317E+02
  0.66666667  0.66666667  0.00000000      -1     -1      0       0.15225558E+03
  0.66666667  0.66666667  0.00000000      -1     -1     -1       0.13753736E+03
  0.66666667  0.66666667  0.00000000      -1     -1      1       0.13753736E+03
  0.66666667  0.66666667  0.00000000      -1     -1     -2       0.10657290E+03
  0.66666667  0.66666667  0.00000000      -1     -1      2       0.10657290E+03
  0.66666667  0.66666667  0.00000000      -1     -1     -3       0.77515313E+02
  0.66666667  0.66666667  0.00000000      -1     -1      3       0.77515313E+02
  0.66666667  0.66666667  0.00000000      -1     -1     -4       0.56087503E+02
  0.66666667  0.66666667  0.00000000      -1     -1      4       0.56087503E+02
  0.38095238  0.80952381  0.00000000       0     -1      0       0.66616311E+02
  0.38095238  0.80952381  0.00000000       0     -1     -1       0.63633019E+02
  0.38095238  0.80952381  0.00000000       0     -1      1       0.63633019E+02
  0.38095238  0.80952381  0.00000000      -1     -1      0       0.56097966E+02
  0.38095238  0.80952381  0.00000000       0     -1     -2       0.56096281E+02
  0.38095238  0.80952381  0.00000000       0     -1      2       0.56096281E+02
  0.38095238  0.80952381  0.00000000      -1     -1     -1       0.53967293E+02
  0.38095238  0.80952381  0.00000000      -1     -1      1       0.53967293E+02
  0.09523810  0.95238095  0.00000000       0     -1      0       0.10375213E+04
  0.09523810  0.95238095  0.00000000       0     -1     -1       0.62520774E+03
  0.09523810  0.95238095  0.00000000       0     -1      1       0.62520774E+03
  0.09523810  0.95238095  0.00000000       0     -1     -2       0.25934376E+03
  0.09523810  0.95238095  0.00000000       0     -1      2       0.25934376E+03
  0.09523810  0.95238095  0.00000000       0     -1     -3       0.14116420E+03
  0.09523810  0.95238095  0.00000000       0     -1      3       0.14116420E+03
  0.09523810  0.95238095  0.00000000       0     -1     -4       0.79795484E+02
  0.09523810  0.95238095  0.00000000       0     -1      4       0.79795484E+02
  0.09523810  0.95238095  0.00000000       0     -1     -5       0.55392731E+02
  0.09523810  0.95238095  0.00000000       0     -1      5       0.55392731E+02
  0.14285714  0.09523810  0.00000000       0      0      0       0.10375213E+04
  0.14285714  0.09523810  0.00000000       0      0     -1       0.62520774E+03
  0.14285714  0.09523810  0.00000000       0      0      1       0.62520774E+03
  0.14285714  0.09523810  0.00000000       0      0     -2       0.25934376E+03
  0.14285714  0.09523810  0.00000000       0      0      2       0.25934376E+03
  0.14285714  0.09523810  0.00000000       0      0     -3       0.14116420E+03
  0.14285714  0.09523810  0.00000000       0      0      3       0.14116420E+03
  0.14285714  0.09523810  0.00000000       0      0     -4       0.79795484E+02
  0.14285714  0.09523810  0.00000000       0      0      4       0.79795484E+02
  0.14285714  0.09523810  0.00000000       0      0     -5       0.55392731E+02
  0.14285714  0.09523810  0.00000000       0      0      5       0.55392731E+02
  0.85714286  0.23809524  0.00000000      -1      0      0       0.15225558E+03
  0.85714286  0.23809524  0.00000000      -1      0     -1       0.13753736E+03
  0.85714286  0.23809524  0.00000000      -1      0      1       0.13753736E+03
  0.85714286  0.23809524  0.00000000      -1      0     -2       0.10657290E+03
  0.85714286  0.23809524  0.00000000      -1      0      2       0.10657290E+03
  0.85714286  0.23809524  0.00000000      -1      0     -3       0.77515313E+02
  0.85714286  0.23809524  0.00000000      -1      0      3       0.77515313E+02
  0.85714286  0.23809524  0.00000000      -1      0     -4       0.56087503E+02
  0.85714286  0.23809524  0.00000000      -1      0      4       0.56087503E+02
  0.57142857  0.38095238  0.00000000       0      0      0       0.66616311E+02
  0.57142857  0.38095238  0.00000000       0      0     -1       0.63633019E+02
  0.57142857  0.38095238  0.00000000       0      0      1       0.63633019E+02
  0.57142857  0.38095238  0.00000000      -1     -1      0       0.56097966E+02
  0.57142857  0.38095238  0.00000000       0      0     -2       0.56096281E+02
  0.57142857  0.38095238  0.00000000       0      0      2       0.56096281E+02
  0.57142857  0.38095238  0.00000000      -1     -1     -1       0.53967293E+02
  0.57142857  0.38095238  0.00000000      -1     -1      1       0.53967293E+02
  0.28571429  0.52380952  0.00000000       0      0      0       0.81989175E+02
  0.28571429  0.52380952  0.00000000       0      0     -1       0.77516568E+02
  0.28571429  0.52380952  0.00000000       0      0      1       0.77516568E+02
  0.28571429  0.52380952  0.00000000       0      0     -2       0.66613857E+02
  0.28571429  0.52380952  0.00000000       0      0      2       0.66613857E+02
  0.28571429  0.52380952  0.00000000       0      0     -3       0.53964317E+02
  0.28571429  0.52380952  0.00000000       0      0      3       0.53964317E+02
  0.00000000  0.66666667  0.00000000       0     -1      0       0.15225558E+03
  0.00000000  0.66666667  0.00000000       0     -1     -1       0.13753736E+03
  0.00000000  0.66666667  0.00000000       0     -1      1       0.13753736E+03
  0.00000000  0.66666667  0.00000000       0     -1     -2       0.10657290E+03
  0.00000000  0.66666667  0.00000000       0     -1      2       0.10657290E+03
  0.00000000  0.66666667  0.00000000       0     -1     -3       0.77515313E+02
  0.00000000  0.66666667  0.00000000       0     -1      3       0.77515313E+02
  0.00000000  0.66666667  0.00000000       0     -1     -4       0.56087503E+02
  0.00000000  0.66666667  0.00000000       0     -1      4       0.56087503E+02
  0.71428571  0.80952381  0.00000000      -1     -1      0       0.26627699E+03
  0.71428571  0.80952381  0.00000000      -1     -1     -1       0.22454387E+03
  0.71428571  0.80952381  0.00000000      -1     -1      1       0.22454387E+03
  0.71428571  0.80952381  0.00000000      -1     -1     -2       0.15214602E+03
  0.71428571  0.80952381  0.00000000      -1     -1      2       0.15214602E+03
  0.71428571  0.80952381  0.00000000      -1     -1     -3       0.99208293E+02
  0.71428571  0.80952381  0.00000000      -1     -1      3       0.99208293E+02
  0.71428571  0.80952381  0.00000000      -1     -1     -4       0.66559863E+02
  0.71428571  0.80952381  0.00000000      -1     -1      4       0.66559863E+02
  0.42857143  0.95238095  0.00000000       0     -1      0       0.81989175E+02
  0.42857143  0.95238095  0.00000000       0     -1     -1       0.77516568E+02
  0.42857143  0.95238095  0.00000000       0     -1      1       0.77516568E+02
  0.42857143  0.95238095  0.00000000       0     -1     -2       0.66613857E+02
  0.42857143  0.95238095  0.00000000       0     -1      2       0.66613857E+02
  0.42857143  0.95238095  0.00000000      -1     -1      0       0.56097966E+02
  0.42857143  0.95238095  0.00000000      -1     -1     -1       0.53967293E+02
  0.42857143  0.95238095  0.00000000      -1     -1      1       0.53967293E+02
  0.42857143  0.95238095  0.00000000       0     -1     -3       0.53964317E+02
  0.42857143  0.95238095  0.00000000       0     -1      3       0.53964317E+02
  0.33333333  0.00000000  0.00000000       0      0      0       0.15225558E+03
  0.33333333  0.00000000  0.00000000       0      0     -1       0.13753736E+03
  0.33333333  0.00000000  0.00000000       0      0      1       0.13753736E+03
  0.33333333  0.00000000  0.00000000       0      0     -2       0.10657290E+03
  0.33333333  0.00000000  0.00000000       0      0      2       0.10657290E+03
  0.33333333  0.00000000  0.00000000       0      0     -3       0.77515313E+02
  0.33333333  0.00000000  0.00000000       0      0      3       0.77515313E+02
  0.33333333  0.00000000  0.00000000       0      0     -4       0.56087503E+02
  0.33333333  0.00000000  0.00000000       0      0      4       0.56087503E+02
  0.04761905  0.14285714  0.00000000       0      0      0       0.10375213E+04
  0.04761905  0.14285714  0.00000000       0      0     -1       0.62520774E+03
  0.04761905  0.14285714  0.00000000       0      0      1       0.62520774E+03
  0.04761905  0.14285714  0.00000000       0      0     -2       0.25934376E+03
  0.04761905  0.14285714  0.00000000       0      0      2       0.25934376E+03
  0.04761905  0.14285714  0.00000000       0      0     -3       0.14116420E+03
  0.04761905  0.14285714  0.00000000       0      0      3       0.14116420E+03
  0.04761905  0.14285714  0.00000000       0      0     -4       0.79795484E+02
  0.04761905  0.14285714  0.00000000       0      0      4       0.79795484E+02
  0.04761905  0.14285714  0.00000000       0      0     -5       0.55392731E+02
  0.04761905  0.14285714  0.00000000       0      0      5       0.55392731E+02
  0.76190476  0.28571429  0.00000000      -1      0      0       0.81989175E+02
  0.76190476  0.28571429  0.00000000      -1      0     -1       0.77516568E+02
  0.76190476  0.28571429  0.00000000      -1      0      1       0.77516568E+02
  0.76190476  0.28571429  0.00000000      -1      0     -2       0.66613857E+02
  0.76190476  0.28571429  0.00000000      -1      0      2       0.66613857E+02
  0.76190476  0.28571429  0.00000000      -1      0     -3       0.53964317E+02
  0.76190476  0.28571429  0.00000000      -1      0      3       0.53964317E+02
  0.47619048  0.42857143  0.00000000       0      0      0       0.81989175E+02
  0.47619048  0.42857143  0.00000000       0      0     -1       0.77516568E+02
  0.47619048  0.42857143  0.00000000       0      0      1       0.77516568E+02
  0.47619048  0.42857143  0.00000000       0      0     -2       0.66613857E+02
  0.47619048  0.42857143  0.00000000       0      0      2       0.66613857E+02
  0.47619048  0.42857143  0.00000000      -1     -1      0       0.56097966E+02
  0.47619048  0.42857143  0.00000000      -1     -1     -1       0.53967293E+02
  0.47619048  0.42857143  0.00000000      -1     -1      1       0.53967293E+02
  0.47619048  0.42857143  0.00000000       0      0     -3       0.53964317E+02
  0.47619048  0.42857143  0.00000000       0      0      3       0.53964317E+02
  0.19047619  0.57142857  0.00000000       0      0      0       0.66616311E+02
  0.19047619  0.57142857  0.00000000       0      0     -1       0.63633019E+02
  0.19047619  0.57142857  0.00000000       0      0      1       0.63633019E+02
  0.19047619  0.57142857  0.00000000       0     -1      0       0.56097966E+02
  0.19047619  0.57142857  0.00000000       0      0     -2       0.56096281E+02
  0.19047619  0.57142857  0.00000000       0      0      2       0.56096281E+02
  0.19047619  0.57142857  0.00000000       0     -1     -1       0.53967293E+02
  0.19047619  0.57142857  0.00000000       0     -1      1       0.53967293E+02
  0.90476190  0.71428571  0.00000000      -1     -1      0       0.26627699E+03
  0.90476190  0.71428571  0.00000000      -1     -1     -1       0.22454387E+03
  0.90476190  0.71428571  0.00000000      -1     -1      1       0.22454387E+03
  0.90476190  0.71428571  0.00000000      -1     -1     -2       0.15214602E+03
  0.90476190  0.71428571  0.00000000      -1     -1      2       0.15214602E+03
  0.90476190  0.71428571  0.00000000      -1     -1     -3       0.99208293E+02
  0.90476190  0.71428571  0.00000000      -1     -1      3       0.99208293E+02
  0.90476190  0.71428571  0.00000000      -1     -1     -4       0.66559863E+02
  0.90476190  0.71428571  0.00000000      -1     -1      4       0.66559863E+02
  0.61904762  0.85714286  0.00000000      -1     -1      0       0.15225558E+03
  0.61904762  0.85714286  0.00000000      -1     -1     -1       0.13753736E+03
  0.61904762  0.85714286  0.00000000      -1     -1      1       0.13753736E+03
  0.61904762  0.85714286  0.00000000      -1     -1     -2       0.10657290E+03
  0.61904762  0.85714286  0.00000000      -1     -1      2       0.10657290E+03
  0.61904762  0.85714286  0.00000000      -1     -1     -3       0.77515313E+02
  0.61904762  0.85714286  0.00000000      -1     -1      3       0.77515313E+02
  0.61904762  0.85714286  0.00000000      -1     -1     -4       0.56087503E+02
  0.61904762  0.85714286  0.00000000      -1     -1      4       0.56087503E+02
  0.23809524  0.04761905  0.00000000       0      0      0       0.35462330E+03
  0.23809524  0.04761905  0.00000000       0      0     -1       0.28475012E+03
  0.23809524  0.04761905  0.00000000       0      0      1       0.28475012E+03
  0.23809524  0.04761905  0.00000000       0      0     -2       0.17729498E+03
  0.23809524  0.04761905  0.00000000       0      0      2       0.17729498E+03
  0.23809524  0.04761905  0.00000000       0      0     -3       0.10950914E+03
  0.23809524  0.04761905  0.00000000       0      0      3       0.10950914E+03
  0.23809524  0.04761905  0.00000000       0      0     -4       0.70913994E+02
  0.23809524  0.04761905  0.00000000       0      0      4       0.70913994E+02
  0.95238095  0.19047619  0.00000000      -1      0      0       0.35462330E+03
  0.95238095  0.19047619  0.00000000      -1      0     -1       0.28475012E+03
  0.95238095  0.19047619  0.00000000      -1      0      1       0.28475012E+03
  0.95238095  0.19047619  0.00000000      -1      0     -2       0.17729498E+03
  0.95238095  0.19047619  0.00000000      -1      0      2       0.17729498E+03
  0.95238095  0.19047619  0.00000000      -1      0     -3       0.10950914E+03
  0.95238095  0.19047619  0.00000000      -1      0      3       0.10950914E+03
  0.95238095  0.19047619  0.00000000      -1      0     -4       0.70913994E+02
  0.95238095  0.19047619  0.00000000      -1      0      4       0.70913994E+02
  0.66666667  0.33333333  0.00000000       0      0      0       0.50755307E+02
  0.66666667  0.33333333  0.00000000      -1     -1      0       0.50755307E+02
  0.66666667  0.33333333  0.00000000      -1      0      0       0.50755307E+02
  0.38095238  0.47619048  0.00000000       0      0      0       0.88821482E+02
  0.38095238  0.47619048  0.00000000       0      0     -1       0.83596348E+02
  0.38095238  0.47619048  0.00000000       0      0      1       0.83596348E+02
  0.38095238  0.47619048  0.00000000       0      0     -2       0.71054514E+02
  0.38095238  0.47619048  0.00000000       0      0      2       0.71054514E+02
  0.38095238  0.47619048  0.00000000       0      0     -3       0.56842298E+02
  0.38095238  0.47619048  0.00000000       0      0      3       0.56842298E+02
  0.38095238  0.47619048  0.00000000      -1     -1      0       0.50755307E+02
  0.09523810  0.61904762  0.00000000       0     -1      0       0.88821482E+02
  0.09523810  0.61904762  0.00000000       0     -1     -1       0.83596348E+02
  0.09523810  0.61904762  0.00000000       0     -1      1       0.83596348E+02
  0.09523810  0.61904762  0.00000000       0     -1     -2       0.71054514E+02
  0.09523810  0.61904762  0.00000000       0     -1      2       0.71054514E+02
  0.09523810  0.61904762  0.00000000       0     -1     -3       0.56842298E+02
  0.09523810  0.61904762  0.00000000       0     -1      3       0.56842298E+02
  0.09523810  0.61904762  0.00000000       0      0      0       0.50755307E+02
  0.80952381  0.76190476  0.00000000      -1     -1      0       0.35462330E+03
  0.80952381  0.76190476  0.00000000      -1     -1     -1       0.28475012E+03
  0.80952381  0.76190476  0.00000000      -1     -1      1       0.28475012E+03
  0.80952381  0.76190476  0.00000000      -1     -1     -2       0.17729498E+03
  0.80952381  0.76190476  0.00000000      -1     -1      2       0.17729498E+03
  0.80952381  0.76190476  0.00000000      -1     -1     -3       0.10950914E+03
  0.80952381  0.76190476  0.00000000      -1     -1      3       0.10950914E+03
  0.80952381  0.76190476  0.00000000      -1     -1     -4       0.70913994E+02
  0.80952381  0.76190476  0.00000000      -1     -1      4       0.70913994E+02
  0.52380952  0.90476190  0.00000000      -1     -1      0       0.88821482E+02
  0.52380952  0.90476190  0.00000000      -1     -1     -1       0.83596348E+02
  0.52380952  0.90476190  0.00000000      -1     -1      1       0.83596348E+02
  0.52380952  0.90476190  0.00000000      -1     -1     -2       0.71054514E+02
  0.52380952  0.90476190  0.00000000      -1     -1      2       0.71054514E+02
  0.52380952  0.90476190  0.00000000      -1     -1     -3       0.56842298E+02
  0.52380952  0.90476190  0.00000000      -1     -1      3       0.56842298E+02
  0.52380952  0.90476190  0.00000000       0     -1      0       0.50755307E+02
  0.57142857  0.04761905  0.00000000      -1      0      0       0.81989175E+02
  0.57142857  0.04761905  0.00000000      -1      0     -1       0.77516568E+02
  0.57142857  0.04761905  0.00000000      -1      0      1       0.77516568E+02
  0.57142857  0.04761905  0.00000000      -1      0     -2       0.66613857E+02
  0.57142857  0.04761905  0.00000000      -1      0      2       0.66613857E+02
  0.57142857  0.04761905  0.00000000       0      0      0       0.56097966E+02
  0.57142857  0.04761905  0.00000000       0      0     -1       0.53967293E+02
  0.57142857  0.04761905  0.00000000       0      0      1       0.53967293E+02
  0.57142857  0.04761905  0.00000000      -1      0     -3       0.53964317E+02
  0.57142857  0.04761905  0.00000000      -1      0      3       0.53964317E+02
  0.28571429  0.19047619  0.00000000       0      0      0       0.26627699E+03
  0.28571429  0.19047619  0.00000000       0      0     -1       0.22454387E+03
  0.28571429  0.19047619  0.00000000       0      0      1       0.22454387E+03
  0.28571429  0.19047619  0.00000000       0      0     -2       0.15214602E+03
  0.28571429  0.19047619  0.00000000       0      0      2       0.15214602E+03
  0.28571429  0.19047619  0.00000000       0      0     -3       0.99208293E+02
  0.28571429  0.19047619  0.00000000       0      0      3       0.99208293E+02
  0.28571429  0.19047619  0.00000000       0      0     -4       0.66559863E+02
  0.28571429  0.19047619  0.00000000       0      0      4       0.66559863E+02
  0.00000000  0.33333333  0.00000000       0      0      0       0.15225558E+03
  0.00000000  0.33333333  0.00000000       0      0     -1       0.13753736E+03
  0.00000000  0.33333333  0.00000000       0      0      1       0.13753736E+03
  0.00000000  0.33333333  0.00000000       0      0     -2       0.10657290E+03
  0.00000000  0.33333333  0.00000000       0      0      2       0.10657290E+03
  0.00000000  0.33333333  0.00000000       0      0     -3       0.77515313E+02
  0.00000000  0.33333333  0.00000000       0      0      3       0.77515313E+02
  0.00000000  0.33333333  0.00000000       0      0     -4       0.56087503E+02
  0.00000000  0.33333333  0.00000000       0      0      4       0.56087503E+02
  0.71428571  0.47619048  0.00000000      -1     -1      0       0.81989175E+02
  0.71428571  0.47619048  0.00000000      -1     -1     -1       0.77516568E+02
  0.71428571  0.47619048  0.00000000      -1     -1      1       0.77516568E+02
  0.71428571  0.47619048  0.00000000      -1     -1     -2       0.66613857E+02
  0.71428571  0.47619048  0.00000000      -1     -1      2       0.66613857E+02
  0.71428571  0.47619048  0.00000000      -1     -1     -3       0.53964317E+02
  0.71428571  0.47619048  0.00000000      -1     -1      3       0.53964317E+02
  0.42857143  0.61904762  0.00000000      -1     -1      0       0.66616311E+02
  0.42857143  0.61904762  0.00000000      -1     -1     -1       0.63633019E+02
  0.42857143  0.61904762  0.00000000      -1     -1      1       0.63633019E+02
  0.42857143  0.61904762  0.00000000       0      0      0       0.56097966E+02
  0.42857143  0.61904762  0.00000000      -1     -1     -2       0.56096281E+02
  0.42857143  0.61904762  0.00000000      -1     -1      2       0.56096281E+02
  0.42857143  0.61904762  0.00000000       0      0     -1       0.53967293E+02
  0.42857143  0.61904762  0.00000000       0      0      1       0.53967293E+02
  0.14285714  0.76190476  0.00000000       0     -1      0       0.15225558E+03
  0.14285714  0.76190476  0.00000000       0     -1     -1       0.13753736E+03
  0.14285714  0.76190476  0.00000000       0     -1      1       0.13753736E+03
  0.14285714  0.76190476  0.00000000       0     -1     -2       0.10657290E+03
  0.14285714  0.76190476  0.00000000       0     -1      2       0.10657290E+03
  0.14285714  0.76190476  0.00000000       0     -1     -3       0.77515313E+02
  0.14285714  0.76190476  0.00000000       0     -1      3       0.77515313E+02
  0.14285714  0.76190476  0.00000000       0     -1     -4       0.56087503E+02
  0.14285714  0.76190476  0.00000000       0     -1      4       0.56087503E+02
  0.85714286  0.90476190  0.00000000      -1     -1      0       0.10375213E+04
  0.85714286  0.90476190  0.00000000      -1     -1     -1       0.62520774E+03
  0.85714286  0.90476190  0.00000000      -1     -1      1       0.62520774E+03
  0.85714286  0.90476190  0.00000000      -1     -1     -2       0.25934376E+03
  0.85714286  0.90476190  0.00000000      -1     -1      2       0.25934376E+03
  0.85714286  0.90476190  0.00000000      -1     -1     -3       0.14116420E+03
  0.85714286  0.90476190  0.00000000      -1     -1      3       0.14116420E+03
  0.85714286  0.90476190  0.00000000      -1     -1     -4       0.79795484E+02
  0.85714286  0.90476190  0.00000000      -1     -1      4       0.79795484E+02
  0.85714286  0.90476190  0.00000000      -1     -1     -5       0.55392731E+02
  0.85714286  0.90476190  0.00000000      -1     -1      5       0.55392731E+02
  0.47619048  0.09523810  0.00000000       0      0      0       0.88821482E+02
  0.47619048  0.09523810  0.00000000       0      0     -1       0.83596348E+02
  0.47619048  0.09523810  0.00000000       0      0      1       0.83596348E+02
  0.47619048  0.09523810  0.00000000       0      0     -2       0.71054514E+02
  0.47619048  0.09523810  0.00000000       0      0      2       0.71054514E+02
  0.47619048  0.09523810  0.00000000       0      0     -3       0.56842298E+02
  0.47619048  0.09523810  0.00000000       0      0      3       0.56842298E+02
  0.47619048  0.09523810  0.00000000      -1      0      0       0.50755307E+02
  0.19047619  0.23809524  0.00000000       0      0      0       0.35462330E+03
  0.19047619  0.23809524  0.00000000       0      0     -1       0.28475012E+03
  0.19047619  0.23809524  0.00000000       0      0      1       0.28475012E+03
  0.19047619  0.23809524  0.00000000       0      0     -2       0.17729498E+03
  0.19047619  0.23809524  0.00000000       0      0      2       0.17729498E+03
  0.19047619  0.23809524  0.00000000       0      0     -3       0.10950914E+03
  0.19047619  0.23809524  0.00000000       0      0      3       0.10950914E+03
  0.19047619  0.23809524  0.00000000       0      0     -4       0.70913994E+02
  0.19047619  0.23809524  0.00000000       0      0      4       0.70913994E+02
  0.90476190  0.38095238  0.00000000      -1      0      0       0.88821482E+02
  0.90476190  0.38095238  0.00000000      -1      0     -1       0.83596348E+02
  0.90476190  0.38095238  0.00000000      -1      0      1       0.83596348E+02
  0.90476190  0.38095238  0.00000000      -1      0     -2       0.71054514E+02
  0.90476190  0.38095238  0.00000000      -1      0      2       0.71054514E+02
  0.90476190  0.38095238  0.00000000      -1      0     -3       0.56842298E+02
  0.90476190  0.38095238  0.00000000      -1      0      3       0.56842298E+02
  0.90476190  0.38095238  0.00000000      -1     -1      0       0.50755307E+02
  0.61904762  0.52380952  0.00000000      -1     -1      0       0.88821482E+02
  0.61904762  0.52380952  0.00000000      -1     -1     -1       0.83596348E+02
  0.61904762  0.52380952  0.00000000      -1     -1      1       0.83596348E+02
  0.61904762  0.52380952  0.00000000      -1     -1     -2       0.71054514E+02
  0.61904762  0.52380952  0.00000000      -1     -1      2       0.71054514E+02
  0.61904762  0.52380952  0.00000000      -1     -1     -3       0.56842298E+02
  0.61904762  0.52380952  0.00000000      -1     -1      3       0.56842298E+02
  0.61904762  0.52380952  0.00000000       0      0      0       0.50755307E+02
  0.33333333  0.66666667  0.00000000      -1     -1      0       0.50755307E+02
  0.33333333  0.66666667  0.00000000       0     -1      0       0.50755307E+02
  0.33333333  0.66666667  0.00000000       0      0      0       0.50755307E+02
  0.04761905  0.80952381  0.00000000       0     -1      0       0.35462330E+03
  0.04761905  0.80952381  0.00000000       0     -1     -1       0.28475012E+03
  0.04761905  0.80952381  0.00000000       0     -1      1       0.28475012E+03
  0.04761905  0.80952381  0.00000000       0     -1     -2       0.17729498E+03
  0.04761905  0.80952381  0.00000000       0     -1      2       0.17729498E+03
  0.04761905  0.80952381  0.00000000       0     -1     -3       0.10950914E+03
  0.04761905  0.80952381  0.00000000       0     -1      3       0.10950914E+03
  0.04761905  0.80952381  0.00000000       0     -1     -4       0.70913994E+02
  0.04761905  0.80952381  0.00000000       0     -1      4       0.70913994E+02
  0.76190476  0.95238095  0.00000000      -1     -1      0       0.35462330E+03
  0.76190476  0.95238095  0.00000000      -1     -1     -1       0.28475012E+03
  0.76190476  0.95238095  0.00000000      -1     -1      1       0.28475012E+03
  0.76190476  0.95238095  0.00000000      -1     -1     -2       0.17729498E+03
  0.76190476  0.95238095  0.00000000      -1     -1      2       0.17729498E+03
  0.76190476  0.95238095  0.00000000      -1     -1     -3       0.10950914E+03
  0.76190476  0.95238095  0.00000000      -1     -1      3       0.10950914E+03
  0.76190476  0.95238095  0.00000000      -1     -1     -4       0.70913994E+02
  0.76190476  0.95238095  0.00000000      -1     -1      4       0.70913994E+02
  0.66666667  0.00000000  0.00000000      -1      0      0       0.15225558E+03
  0.66666667  0.00000000  0.00000000      -1      0     -1       0.13753736E+03
  0.66666667  0.00000000  0.00000000      -1      0      1       0.13753736E+03
  0.66666667  0.00000000  0.00000000      -1      0     -2       0.10657290E+03
  0.66666667  0.00000000  0.00000000      -1      0      2       0.10657290E+03
  0.66666667  0.00000000  0.00000000      -1      0     -3       0.77515313E+02
  0.66666667  0.00000000  0.00000000      -1      0      3       0.77515313E+02
  0.66666667  0.00000000  0.00000000      -1      0     -4       0.56087503E+02
  0.66666667  0.00000000  0.00000000      -1      0      4       0.56087503E+02
  0.38095238  0.14285714  0.00000000       0      0      0       0.15225558E+03
  0.38095238  0.14285714  0.00000000       0      0     -1       0.13753736E+03
  0.38095238  0.14285714  0.00000000       0      0      1       0.13753736E+03
  0.38095238  0.14285714  0.00000000       0      0     -2       0.10657290E+03
  0.38095238  0.14285714  0.00000000       0      0      2       0.10657290E+03
  0.38095238  0.14285714  0.00000000       0      0     -3       0.77515313E+02
  0.38095238  0.14285714  0.00000000       0      0      3       0.77515313E+02
  0.38095238  0.14285714  0.00000000       0      0     -4       0.56087503E+02
  0.38095238  0.14285714  0.00000000       0      0      4       0.56087503E+02
  0.09523810  0.28571429  0.00000000       0      0      0       0.26627699E+03
  0.09523810  0.28571429  0.00000000       0      0     -1       0.22454387E+03
  0.09523810  0.28571429  0.00000000       0      0      1       0.22454387E+03
  0.09523810  0.28571429  0.00000000       0      0     -2       0.15214602E+03
  0.09523810  0.28571429  0.00000000       0      0      2       0.15214602E+03
  0.09523810  0.28571429  0.00000000       0      0     -3       0.99208293E+02
  0.09523810  0.28571429  0.00000000       0      0      3       0.99208293E+02
  0.09523810  0.28571429  0.00000000       0      0     -4       0.66559863E+02
  0.09523810  0.28571429  0.00000000       0      0      4       0.66559863E+02
  0.80952381  0.42857143  0.00000000      -1     -1      0       0.66616311E+02
  0.80952381  0.42857143  0.00000000      -1     -1     -1       0.63633019E+02
  0.80952381  0.42857143  0.00000000      -1     -1      1       0.63633019E+02
  0.80952381  0.42857143  0.00000000      -1      0      0       0.56097966E+02
  0.80952381  0.42857143  0.00000000      -1     -1     -2       0.56096281E+02
  0.80952381  0.42857143  0.00000000      -1     -1      2       0.56096281E+02
  0.80952381  0.42857143  0.00000000      -1      0     -1       0.53967293E+02
  0.80952381  0.42857143  0.00000000      -1      0      1       0.53967293E+02
  0.52380952  0.57142857  0.00000000      -1     -1      0       0.81989175E+02
  0.52380952  0.57142857  0.00000000      -1     -1     -1       0.77516568E+02
  0.52380952  0.57142857  0.00000000      -1     -1      1       0.77516568E+02
  0.52380952  0.57142857  0.00000000      -1     -1     -2       0.66613857E+02
  0.52380952  0.57142857  0.00000000      -1     -1      2       0.66613857E+02
  0.52380952  0.57142857  0.00000000       0      0      0       0.56097966E+02
  0.52380952  0.57142857  0.00000000       0      0     -1       0.53967293E+02
  0.52380952  0.57142857  0.00000000       0      0      1       0.53967293E+02
  0.52380952  0.57142857  0.00000000      -1     -1     -3       0.53964317E+02
  0.52380952  0.57142857  0.00000000      -1     -1      3       0.53964317E+02
  0.23809524  0.71428571  0.00000000       0     -1      0       0.81989175E+02
  0.23809524  0.71428571  0.00000000       0     -1     -1       0.77516568E+02
  0.23809524  0.71428571  0.00000000       0     -1      1       0.77516568E+02
  0.23809524  0.71428571  0.00000000       0     -1     -2       0.66613857E+02
  0.23809524  0.71428571  0.00000000       0     -1      2       0.66613857E+02
  0.23809524  0.71428571  0.00000000       0     -1     -3       0.53964317E+02
  0.23809524  0.71428571  0.00000000       0     -1      3       0.53964317E+02
  0.95238095  0.85714286  0.00000000      -1     -1      0       0.10375213E+04
  0.95238095  0.85714286  0.00000000      -1     -1     -1       0.62520774E+03
  0.95238095  0.85714286  0.00000000      -1     -1      1       0.62520774E+03
  0.95238095  0.85714286  0.00000000      -1     -1     -2       0.25934376E+03
  0.95238095  0.85714286  0.00000000      -1     -1      2       0.25934376E+03
  0.95238095  0.85714286  0.00000000      -1     -1     -3       0.14116420E+03
  0.95238095  0.85714286  0.00000000      -1     -1      3       0.14116420E+03
  0.95238095  0.85714286  0.00000000      -1     -1     -4       0.79795484E+02
  0.95238095  0.85714286  0.00000000      -1     -1      4       0.79795484E+02
  0.95238095  0.85714286  0.00000000      -1     -1     -5       0.55392731E+02
  0.95238095  0.85714286  0.00000000      -1     -1      5       0.55392731E+02
